Date,High,Low,Open,Close,Volume,Adj Close
2007-10-23,21.280000686645508,20.049999237060547,21.049999237060547,20.25,8969800.0,9.195301055908203
2007-10-24,20.899999618530273,19.799999237060547,20.25,20.8799991607666,1125400.0,9.481374740600586
2007-10-25,22.469999313354492,21.049999237060547,21.049999237060547,22.200000762939453,739200.0,10.080774307250977
2007-10-26,24.8700008392334,22.8700008392334,22.8700008392334,23.729999542236328,960500.0,10.775528907775879
2007-10-29,24.649999618530273,23.200000762939453,24.239999771118164,23.399999618530273,443500.0,10.625679969787598
2007-10-30,23.700000762939453,21.899999618530273,23.40999984741211,22.75,382800.0,10.33051872253418
2007-10-31,23.350000381469727,22.5,23.25,22.799999237060547,400800.0,10.353224754333496
2007-11-01,22.450000762939453,22.0,22.100000381469727,22.100000381469727,397100.0,10.03536319732666
2007-11-02,23.0,21.950000762939453,22.110000610351562,22.450000762939453,224400.0,10.194293975830078
2007-11-05,22.579999923706055,20.209999084472656,20.209999084472656,22.0,310100.0,9.989953994750977
2007-11-06,23.270000457763672,22.25,22.25,22.739999771118164,423900.0,10.325979232788086
2007-11-07,22.989999771118164,22.020000457763672,22.559999465942383,22.399999618530273,152800.0,10.171589851379395
2007-11-08,22.700000762939453,21.75,22.549999237060547,22.040000915527344,423300.0,10.008118629455566
2007-11-09,22.3700008392334,21.690000534057617,22.040000915527344,22.3700008392334,128100.0,10.157966613769531
2007-11-12,22.75,21.75,22.75,21.969999313354492,192700.0,9.97633171081543
2007-11-13,22.350000381469727,21.450000762939453,21.6299991607666,21.8799991607666,336600.0,9.935464859008789
2007-11-14,22.239999771118164,21.459999084472656,21.610000610351562,21.959999084472656,165200.0,9.97179126739502
2007-11-15,21.889999389648438,21.06999969482422,21.81999969482422,21.479999542236328,173200.0,9.753828048706055
2007-11-16,22.149999618530273,20.610000610351562,21.75,21.68000030517578,521800.0,9.844643592834473
2007-11-19,22.09000015258789,20.959999084472656,21.600000381469727,21.90999984741211,479200.0,9.949085235595703
2007-11-20,22.100000381469727,21.6200008392334,21.90999984741211,21.760000228881836,445400.0,9.880972862243652
2007-11-21,21.75,20.959999084472656,21.510000228881836,21.649999618530273,634600.0,9.831023216247559
2007-11-23,21.860000610351562,21.0,21.56999969482422,21.850000381469727,90300.0,9.921841621398926
2007-11-26,22.0,21.450000762939453,22.0,21.65999984741211,338200.0,9.835563659667969
2007-11-27,21.690000534057617,21.239999771118164,21.649999618530273,21.5,318200.0,9.762907028198242
2007-11-28,22.0,21.399999618530273,21.40999984741211,21.510000228881836,747300.0,9.767451286315918
2007-11-29,21.709999084472656,21.399999618530273,21.510000228881836,21.6200008392334,273100.0,9.817402839660645
2007-11-30,22.09000015258789,21.799999237060547,21.799999237060547,22.020000457763672,448700.0,9.999034881591797
2007-12-03,22.25,21.75,22.020000457763672,22.0,734400.0,9.989953994750977
2007-12-04,21.940000534057617,21.43000030517578,21.799999237060547,21.940000534057617,301800.0,9.962706565856934
2007-12-05,22.200000762939453,21.260000228881836,21.850000381469727,21.75,369100.0,9.876431465148926
2007-12-06,21.829999923706055,21.43000030517578,21.75,21.549999237060547,312600.0,9.785613059997559
2007-12-07,21.75,21.25,21.649999618530273,21.450000762939453,106400.0,9.740205764770508
2007-12-10,21.5,21.229999542236328,21.5,21.350000381469727,123600.0,9.69479751586914
2007-12-11,21.5,21.100000381469727,21.3799991607666,21.270000457763672,140000.0,9.658465385437012
2007-12-12,22.520000457763672,21.25,21.399999618530273,22.43000030517578,314500.0,10.185212135314941
2007-12-13,22.15999984741211,21.920000076293945,22.0,22.079999923706055,115200.0,10.026280403137207
2007-12-14,23.84000015258789,22.610000610351562,22.610000610351562,23.200000762939453,370700.0,10.534857749938965
2007-12-17,24.020000457763672,23.040000915527344,23.219999313354492,23.739999771118164,202600.0,10.78006649017334
2007-12-18,24.360000610351562,23.479999542236328,24.360000610351562,23.540000915527344,77500.0,10.689249038696289
2007-12-19,24.489999771118164,22.969999313354492,23.700000762939453,24.34000015258789,79400.0,11.052522659301758
2007-12-20,24.579999923706055,23.43000030517578,24.3700008392334,24.5,293600.0,11.125174522399902
2007-12-21,24.8799991607666,23.809999465942383,24.459999084472656,24.729999542236328,1143100.0,11.229618072509766
2007-12-24,25.979999542236328,24.670000076293945,24.90999984741211,25.700000762939453,176000.0,11.670083999633789
2007-12-26,26.25,25.219999313354492,25.700000762939453,25.329999923706055,225300.0,11.502068519592285
2007-12-27,25.3799991607666,24.799999237060547,25.3799991607666,24.959999084472656,315800.0,11.334053039550781
2007-12-28,25.34000015258789,24.920000076293945,25.0,25.059999465942383,272600.0,11.379464149475098
2007-12-31,25.459999084472656,24.81999969482422,25.059999465942383,24.940000534057617,290700.0,11.324975967407227
2008-01-02,25.260000228881836,24.68000030517578,25.0,25.0,332400.0,11.352217674255371
2008-01-03,25.149999618530273,23.670000076293945,25.110000610351562,23.90999984741211,656100.0,10.857261657714844
2008-01-04,25.020000457763672,23.5,23.899999618530273,24.309999465942383,526900.0,11.038900375366211
2008-01-07,25.0,23.889999389648438,24.5,24.399999618530273,607600.0,11.079767227172852
2008-01-08,26.1299991607666,23.90999984741211,24.290000915527344,25.190000534057617,751000.0,11.438497543334961
2008-01-09,25.1299991607666,24.600000381469727,25.030000686645508,24.93000030517578,701800.0,11.3204345703125
2008-01-10,25.3700008392334,24.479999542236328,24.5,25.1299991607666,372500.0,11.411252975463867
2008-01-11,25.06999969482422,24.530000686645508,24.90999984741211,24.90999984741211,754900.0,11.311352729797363
2008-01-14,26.030000686645508,25.010000228881836,25.079999923706055,26.0,1024700.0,11.80631160736084
2008-01-15,25.889999389648438,24.770000457763672,25.75,25.450000762939453,884600.0,11.556561470031738
2008-01-16,26.520000457763672,23.760000228881836,25.329999923706055,25.510000228881836,833800.0,11.583807945251465
2008-01-17,27.0,24.399999618530273,25.700000762939453,24.780000686645508,830000.0,11.2523193359375
2008-01-18,25.719999313354492,24.549999237060547,24.829999923706055,25.350000381469727,364600.0,11.511151313781738
2008-01-22,24.989999771118164,23.219999313354492,23.760000228881836,24.81999969482422,423600.0,11.270482063293457
2008-01-23,25.059999465942383,22.049999237060547,24.190000534057617,24.799999237060547,946200.0,11.261404037475586
2008-01-24,26.540000915527344,24.65999984741211,24.989999771118164,25.139999389648438,513900.0,11.415794372558594
2008-01-25,26.079999923706055,24.670000076293945,25.600000381469727,25.270000457763672,451800.0,11.474824905395508
2008-01-28,26.1299991607666,24.479999542236328,25.200000762939453,25.940000534057617,524100.0,11.779067039489746
2008-01-29,27.049999237060547,25.709999084472656,26.399999618530273,26.829999923706055,581900.0,12.18320369720459
2008-01-30,26.770000457763672,26.0,26.770000457763672,26.170000076293945,464600.0,11.883505821228027
2008-01-31,26.56999969482422,25.049999237060547,25.799999237060547,26.510000228881836,742300.0,12.037897109985352
2008-02-01,27.399999618530273,25.489999771118164,26.549999237060547,26.68000030517578,947000.0,12.115089416503906
2008-02-04,26.770000457763672,25.670000076293945,26.65999984741211,26.260000228881836,936300.0,11.924373626708984
2008-02-05,25.81999969482422,24.84000015258789,25.75,24.979999542236328,358800.0,11.343138694763184
2008-02-06,25.280000686645508,23.729999542236328,25.200000762939453,24.59000015258789,622700.0,11.166046142578125
2008-02-07,25.15999984741211,23.989999771118164,24.549999237060547,24.959999084472656,291000.0,11.334053039550781
2008-02-08,26.25,24.65999984741211,24.959999084472656,26.020000457763672,611400.0,11.815389633178711
2008-02-11,26.989999771118164,25.540000915527344,26.600000381469727,26.229999542236328,792500.0,11.910746574401855
2008-02-12,27.200000762939453,26.079999923706055,26.420000076293945,26.610000610351562,624200.0,12.083303451538086
2008-02-13,27.25,26.450000762939453,27.0,27.18000030517578,538700.0,12.342131614685059
2008-02-14,28.479999542236328,26.989999771118164,27.709999084472656,27.010000228881836,962100.0,12.264941215515137
2008-02-15,27.690000534057617,26.360000610351562,27.049999237060547,26.829999923706055,405500.0,12.18320369720459
2008-02-19,27.90999984741211,26.959999084472656,27.1299991607666,27.190000534057617,441200.0,12.346673965454102
2008-02-20,27.540000915527344,26.780000686645508,27.059999465942383,27.0,325800.0,12.26039981842041
2008-02-21,27.5,26.280000686645508,27.110000610351562,26.459999084472656,481500.0,12.015188217163086
2008-02-22,26.84000015258789,26.010000228881836,26.610000610351562,26.760000228881836,268500.0,12.15141773223877
2008-02-25,27.799999237060547,26.729999542236328,26.940000534057617,27.739999771118164,358100.0,12.596424102783203
2008-02-26,29.579999923706055,27.5,27.75,29.31999969482422,849800.0,13.313883781433105
2008-02-27,29.850000381469727,28.8799991607666,29.479999542236328,29.549999237060547,692600.0,13.418326377868652
2008-02-28,30.940000534057617,29.110000610351562,29.3799991607666,29.31999969482422,1099600.0,13.313883781433105
2008-02-29,29.6200008392334,27.989999771118164,29.290000915527344,28.100000381469727,832000.0,12.759894371032715
2008-03-03,28.75,26.899999618530273,27.899999618530273,27.40999984741211,470100.0,12.446579933166504
2008-03-04,27.31999969482422,26.5,27.239999771118164,27.09000015258789,412500.0,12.301268577575684
2008-03-05,27.5,26.549999237060547,27.309999465942383,26.989999771118164,216500.0,12.255858421325684
2008-03-06,27.079999923706055,25.75,26.610000610351562,25.889999389648438,345500.0,11.756359100341797
2008-03-07,26.790000915527344,24.889999389648438,25.899999618530273,25.079999923706055,274300.0,11.388548851013184
2008-03-10,25.239999771118164,24.15999984741211,25.170000076293945,24.579999923706055,238000.0,11.161502838134766
2008-03-11,26.25,25.549999237060547,25.549999237060547,26.190000534057617,529200.0,11.892585754394531
2008-03-12,26.15999984741211,24.450000762939453,25.760000228881836,24.59000015258789,364800.0,11.166046142578125
2008-03-13,24.299999237060547,23.25,24.299999237060547,23.950000762939453,589500.0,10.875428199768066
2008-03-14,24.34000015258789,21.75,24.110000610351562,21.959999084472656,849500.0,9.97179126739502
2008-03-17,22.8700008392334,20.709999084472656,21.93000030517578,22.40999984741211,719000.0,10.176131248474121
2008-03-18,24.850000381469727,22.530000686645508,23.239999771118164,24.18000030517578,894800.0,10.97986888885498
2008-03-19,24.860000610351562,23.420000076293945,23.829999923706055,24.06999969482422,611600.0,10.92991828918457
2008-03-20,25.56999969482422,23.59000015258789,23.59000015258789,24.639999389648438,1233100.0,11.188751220703125
2008-03-24,25.639999389648438,24.649999618530273,24.8700008392334,25.530000686645508,288800.0,11.592886924743652
2008-03-25,26.110000610351562,24.549999237060547,25.75,25.059999465942383,481700.0,11.379464149475098
2008-03-26,25.209999084472656,24.239999771118164,25.0,24.450000762939453,713300.0,11.102471351623535
2008-03-27,24.899999618530273,22.920000076293945,24.59000015258789,23.15999984741211,354300.0,10.516694068908691
2008-03-28,23.850000381469727,22.600000381469727,23.09000015258789,22.8700008392334,380500.0,10.38501262664795
2008-03-31,23.170000076293945,22.600000381469727,23.170000076293945,23.030000686645508,256300.0,10.45766830444336
2008-04-01,24.239999771118164,23.149999618530273,23.350000381469727,24.190000534057617,317700.0,10.984413146972656
2008-04-02,24.979999542236328,23.81999969482422,24.229999542236328,24.799999237060547,382400.0,11.261404037475586
2008-04-03,25.34000015258789,24.329999923706055,24.5,24.610000610351562,355900.0,11.175125122070312
2008-04-04,25.25,24.1200008392334,24.850000381469727,24.239999771118164,331100.0,11.007115364074707
2008-04-07,25.389999389648438,23.799999237060547,24.40999984741211,23.950000762939453,440200.0,10.875428199768066
2008-04-08,24.100000381469727,23.479999542236328,23.68000030517578,23.940000534057617,159000.0,10.870884895324707
2008-04-09,24.40999984741211,23.350000381469727,23.969999313354492,23.399999618530273,367700.0,10.625679969787598
2008-04-10,24.25,23.219999313354492,23.219999313354492,23.889999389648438,303400.0,10.84818172454834
2008-04-11,23.809999465942383,22.309999465942383,23.649999618530273,23.1200008392334,347400.0,10.49853229522705
2008-04-14,24.049999237060547,22.530000686645508,23.059999465942383,23.809999465942383,684200.0,10.811854362487793
2008-04-15,24.3799991607666,22.700000762939453,24.0,22.84000015258789,508000.0,10.371391296386719
2008-04-16,24.110000610351562,23.010000228881836,23.110000610351562,23.450000762939453,913100.0,10.648384094238281
2008-04-17,24.170000076293945,23.34000015258789,23.3799991607666,23.469999313354492,1010400.0,10.657465934753418
2008-04-18,24.0,23.290000915527344,23.81999969482422,23.68000030517578,403400.0,10.752823829650879
2008-04-21,24.280000686645508,23.350000381469727,23.489999771118164,24.06999969482422,519500.0,10.92991828918457
2008-04-22,24.700000762939453,23.25,24.139999389648438,23.940000534057617,848700.0,10.870884895324707
2008-04-23,24.5,23.25,24.0,23.5,399300.0,10.671088218688965
2008-04-24,23.940000534057617,22.399999618530273,23.40999984741211,23.299999237060547,601500.0,10.580269813537598
2008-04-25,23.3799991607666,22.729999542236328,23.3799991607666,23.09000015258789,396300.0,10.484909057617188
2008-04-28,23.350000381469727,22.700000762939453,22.729999542236328,23.0,344700.0,10.444040298461914
2008-04-29,23.059999465942383,22.31999969482422,23.0,22.450000762939453,204500.0,10.194293975830078
2008-04-30,22.469999313354492,20.0,22.469999313354492,21.530000686645508,1291000.0,9.776531219482422
2008-05-01,22.1200008392334,20.690000534057617,21.3799991607666,21.579999923706055,900000.0,9.799236297607422
2008-05-02,22.190000534057617,20.139999389648438,21.329999923706055,21.399999618530273,1396800.0,9.717501640319824
2008-05-05,21.809999465942383,21.06999969482422,21.299999237060547,21.540000915527344,592400.0,9.781074523925781
2008-05-06,21.56999969482422,20.709999084472656,21.559999465942383,20.799999237060547,736500.0,9.445047378540039
2008-05-07,21.299999237060547,20.360000610351562,20.799999237060547,20.450000762939453,491400.0,9.286116600036621
2008-05-08,20.780000686645508,19.81999969482422,20.780000686645508,19.979999542236328,480500.0,9.072693824768066
2008-05-09,20.5,19.56999969482422,19.899999618530273,19.920000076293945,648100.0,9.045450210571289
2008-05-12,21.139999389648438,19.790000915527344,19.790000915527344,21.1299991607666,1071600.0,9.594893455505371
2008-05-13,21.81999969482422,20.450000762939453,21.15999984741211,21.43000030517578,528800.0,9.731124877929688
2008-05-14,23.229999542236328,21.290000915527344,23.229999542236328,22.299999237060547,1354400.0,10.126179695129395
2008-05-15,24.139999389648438,22.649999618530273,24.139999389648438,22.75,1034100.0,10.33051872253418
2008-05-16,24.579999923706055,22.440000534057617,22.969999313354492,24.229999542236328,699000.0,11.002573013305664
2008-05-19,24.969999313354492,23.84000015258789,24.149999618530273,23.84000015258789,744500.0,10.825477600097656
2008-05-20,24.43000030517578,23.600000381469727,23.93000030517578,24.190000534057617,355900.0,10.984413146972656
2008-05-21,25.049999237060547,24.110000610351562,24.25,24.399999618530273,525300.0,11.079767227172852
2008-05-22,25.329999923706055,24.360000610351562,24.59000015258789,24.809999465942383,514300.0,11.265941619873047
2008-05-23,25.25,24.65999984741211,24.709999084472656,25.010000228881836,311200.0,11.35676383972168
2008-05-27,25.829999923706055,24.56999969482422,25.209999084472656,25.6299991607666,314700.0,11.638296127319336
2008-05-28,25.790000915527344,24.899999618530273,25.75,25.639999389648438,459600.0,11.64283561706543
2008-05-29,26.020000457763672,25.290000915527344,25.610000610351562,26.020000457763672,265500.0,11.815389633178711
2008-05-30,26.8799991607666,25.6299991607666,25.899999618530273,26.68000030517578,849600.0,12.115089416503906
2008-06-02,28.649999618530273,26.309999465942383,26.540000915527344,28.239999771118164,882700.0,12.823469161987305
2008-06-03,28.8799991607666,27.510000228881836,28.09000015258789,27.600000381469727,426600.0,12.532851219177246
2008-06-04,27.68000030517578,26.219999313354492,27.25,26.270000457763672,308900.0,11.928915977478027
2008-06-05,27.200000762939453,26.040000915527344,26.389999389648438,26.040000915527344,562900.0,11.824474334716797
2008-06-06,26.049999237060547,24.3700008392334,25.950000762939453,25.0,655200.0,11.352217674255371
2008-06-09,26.399999618530273,24.579999923706055,24.75,25.290000915527344,352700.0,11.483904838562012
2008-06-10,25.049999237060547,24.3700008392334,25.049999237060547,24.959999084472656,304400.0,11.334053039550781
2008-06-11,26.239999771118164,24.739999771118164,25.149999618530273,24.739999771118164,358000.0,11.23415756225586
2008-06-12,26.0,24.780000686645508,24.829999923706055,25.31999969482422,371400.0,11.497529029846191
2008-06-13,25.8799991607666,25.1299991607666,25.610000610351562,25.540000915527344,246000.0,11.597431182861328
2008-06-16,25.290000915527344,24.479999542236328,25.290000915527344,24.920000076293945,446000.0,11.31589412689209
2008-06-17,25.850000381469727,24.920000076293945,24.920000076293945,25.43000030517578,260200.0,11.547478675842285
2008-06-18,25.920000076293945,24.610000610351562,25.25,24.979999542236328,230800.0,11.343138694763184
2008-06-19,25.170000076293945,24.040000915527344,25.170000076293945,24.75,232500.0,11.238697052001953
2008-06-20,24.190000534057617,21.829999923706055,24.18000030517578,22.549999237060547,1035300.0,10.239701271057129
2008-06-23,22.489999771118164,20.799999237060547,22.329999923706055,21.200000762939453,669600.0,9.626684188842773
2008-06-24,21.420000076293945,20.559999465942383,21.059999465942383,20.690000534057617,697200.0,9.395097732543945
2008-06-25,20.65999984741211,19.799999237060547,20.510000228881836,19.950000762939453,1174900.0,9.059069633483887
2008-06-26,19.790000915527344,18.18000030517578,19.760000228881836,18.59000015258789,963500.0,8.441512107849121
2008-06-27,19.84000015258789,18.170000076293945,18.43000030517578,19.399999618530273,1236300.0,8.809322357177734
2008-06-30,19.670000076293945,18.889999389648438,19.209999084472656,19.25,434600.0,8.741209030151367
2008-07-01,19.75,18.649999618530273,19.09000015258789,19.09000015258789,728300.0,8.66855525970459
2008-07-02,19.40999984741211,18.1200008392334,19.34000015258789,18.31999969482422,785400.0,8.318907737731934
2008-07-03,18.40999984741211,17.719999313354492,18.329999923706055,17.940000534057617,231100.0,8.146353721618652
2008-07-07,18.399999618530273,17.309999465942383,17.90999984741211,17.899999618530273,390800.0,8.128188133239746
2008-07-08,18.040000915527344,17.450000762939453,17.84000015258789,17.8799991607666,916100.0,8.119108200073242
2008-07-09,18.1200008392334,16.579999923706055,17.979999542236328,16.579999923706055,454100.0,7.5287909507751465
2008-07-10,16.75,15.729999542236328,16.420000076293945,16.25,874400.0,7.378944396972656
2008-07-11,16.5,15.319999694824219,16.15999984741211,16.34000015258789,546200.0,7.419809818267822
2008-07-14,16.489999771118164,15.880000114440918,16.489999771118164,16.270000457763672,440000.0,7.388025283813477
2008-07-15,16.559999465942383,15.470000267028809,16.059999465942383,16.040000915527344,739200.0,7.283585548400879
2008-07-16,16.299999237060547,15.510000228881836,16.219999313354492,16.100000381469727,374100.0,7.310830116271973
2008-07-17,16.389999389648438,15.5,15.880000114440918,15.819999694824219,254900.0,7.183685302734375
2008-07-18,16.079999923706055,15.34000015258789,15.899999618530273,15.670000076293945,534000.0,7.115571022033691
2008-07-21,16.639999389648438,15.920000076293945,15.989999771118164,16.489999771118164,385100.0,7.487926006317139
2008-07-22,16.760000228881836,16.049999237060547,16.420000076293945,16.110000610351562,313200.0,7.315370559692383
2008-07-23,16.3799991607666,14.75,16.020000457763672,14.829999923706055,587500.0,6.73413610458374
2008-07-24,14.880000114440918,14.09000015258789,14.84000015258789,14.279999732971191,471500.0,6.4843878746032715
2008-07-25,14.859999656677246,14.140000343322754,14.15999984741211,14.859999656677246,327000.0,6.747758865356445
2008-07-28,14.890000343322754,13.960000038146973,14.789999961853027,13.989999771118164,886600.0,6.352703094482422
2008-07-29,14.25,13.25,13.930000305175781,13.850000381469727,1486700.0,6.289129734039307
2008-07-30,15.850000381469727,14.149999618530273,15.279999732971191,15.6899995803833,1328600.0,7.124652862548828
2008-07-31,16.31999969482422,15.25,15.800000190734863,15.850000381469727,661100.0,7.197305679321289
2008-08-01,16.34000015258789,15.399999618530273,15.850000381469727,16.079999923706055,229300.0,7.301748275756836
2008-08-04,16.149999618530273,15.09000015258789,16.100000381469727,15.399999618530273,413500.0,6.99296760559082
2008-08-05,16.030000686645508,15.220000267028809,15.220000267028809,15.569999694824219,239500.0,7.070162773132324
2008-08-06,16.3799991607666,15.399999618530273,15.4399995803833,16.18000030517578,241200.0,7.347157955169678
2008-08-07,16.290000915527344,14.920000076293945,16.149999618530273,15.1899995803833,291300.0,6.897608757019043
2008-08-08,16.0,15.1899995803833,15.199999809265137,15.890000343322754,338000.0,7.21547269821167
2008-08-11,15.850000381469727,15.100000381469727,15.619999885559082,15.819999694824219,321400.0,7.183685302734375
2008-08-12,15.960000038146973,15.260000228881836,15.699999809265137,15.699999809265137,370000.0,7.129193305969238
2008-08-13,16.510000228881836,15.680000305175781,15.75,16.329999923706055,304800.0,7.4152703285217285
2008-08-14,18.360000610351562,13.539999961853027,18.360000610351562,14.3100004196167,1412800.0,6.498010635375977
2008-08-15,14.489999771118164,12.640000343322754,14.489999771118164,13.420000076293945,888500.0,6.0938720703125
2008-08-18,13.680000305175781,11.930000305175781,13.680000305175781,12.100000381469727,519800.0,5.494474411010742
2008-08-19,12.170000076293945,11.5,12.170000076293945,11.699999809265137,392000.0,5.312839984893799
2008-08-20,12.119999885559082,11.380000114440918,11.619999885559082,12.050000190734863,464200.0,5.4717698097229
2008-08-21,12.050000190734863,11.149999618530273,12.050000190734863,11.529999732971191,656200.0,5.2356438636779785
2008-08-22,11.819999694824219,11.34000015258789,11.569999694824219,11.739999771118164,533400.0,5.331002712249756
2008-08-25,12.319999694824219,11.609999656677246,11.609999656677246,12.25,468800.0,5.562587261199951
2008-08-26,13.029999732971191,12.130000114440918,12.130000114440918,13.029999732971191,384800.0,5.916777610778809
2008-08-27,13.770000457763672,12.949999809265137,12.949999809265137,13.319999694824219,362800.0,6.048463344573975
2008-08-28,14.0,13.34000015258789,13.710000038146973,13.850000381469727,333500.0,6.289129734039307
2008-08-29,14.140000343322754,13.510000228881836,14.0600004196167,13.9399995803833,182800.0,6.32999849319458
2008-09-02,14.25,12.609999656677246,14.010000228881836,12.829999923706055,544900.0,5.825958728790283
2008-09-03,13.979999542236328,12.770000457763672,12.770000457763672,13.829999923706055,875000.0,6.28004789352417
2008-09-04,13.800000190734863,12.899999618530273,13.729999542236328,13.649999618530273,328600.0,6.1983113288879395
2008-09-05,13.84000015258789,12.760000228881836,13.65999984741211,13.84000015258789,340300.0,6.2845916748046875
2008-09-08,14.289999961853027,13.779999732971191,14.149999618530273,14.069999694824219,306800.0,6.389029502868652
2008-09-09,14.100000381469727,10.630000114440918,13.84000015258789,10.779999732971191,695000.0,4.895076274871826
2008-09-10,11.350000381469727,9.930000305175781,11.09000015258789,10.680000305175781,973400.0,4.849669456481934
2008-09-11,11.710000038146973,10.510000228881836,10.579999923706055,11.649999618530273,659000.0,5.290134906768799
2008-09-12,13.170000076293945,11.399999618530273,11.399999618530273,12.90999984741211,691800.0,5.862287998199463
2008-09-15,12.239999771118164,10.260000228881836,12.239999771118164,10.520000457763672,442800.0,4.77701473236084
2008-09-16,11.289999961853027,9.25,10.260000228881836,11.199999809265137,1053400.0,5.085794925689697
2008-09-17,11.729999542236328,10.529999732971191,11.069999694824219,11.069999694824219,372100.0,5.026762962341309
2008-09-18,12.319999694824219,10.829999923706055,11.020000457763672,12.050000190734863,492800.0,5.4717698097229
2008-09-19,12.989999771118164,12.989999771118164,12.989999771118164,12.989999771118164,830500.0,5.898613929748535
2008-09-22,14.069999694824219,11.710000038146973,14.069999694824219,11.770000457763672,164000.0,5.3446245193481445
2008-09-23,12.0,11.119999885559082,11.800000190734863,11.210000038146973,302700.0,5.090334892272949
2008-09-24,11.600000381469727,10.90999984741211,11.289999961853027,11.010000228881836,540400.0,4.999517440795898
2008-09-25,11.449999809265137,10.739999771118164,11.149999618530273,11.3100004196167,360300.0,5.135744571685791
2008-09-26,11.069999694824219,10.119999885559082,11.069999694824219,10.239999771118164,337500.0,4.649868011474609
2008-09-29,9.800000190734863,8.770000457763672,9.800000190734863,8.920000076293945,334700.0,4.050472736358643
2008-09-30,9.25,8.470000267028809,9.25,8.520000457763672,466800.0,3.8688368797302246
2008-10-01,8.449999809265137,7.989999771118164,8.359999656677246,8.25,279900.0,3.746232271194458
2008-10-02,9.010000228881836,6.519999980926514,8.130000114440918,6.760000228881836,546400.0,3.0696403980255127
2008-10-03,7.25,6.380000114440918,6.800000190734863,6.550000190734863,376600.0,2.9742820262908936
2008-10-06,6.349999904632568,5.050000190734863,6.349999904632568,5.900000095367432,515600.0,2.6791234016418457
2008-10-07,6.269999980926514,5.28000020980835,6.0,5.329999923706055,533700.0,2.4202938079833984
2008-10-08,5.119999885559082,4.360000133514404,5.0,4.409999847412109,767800.0,2.0025320053100586
2008-10-09,4.849999904632568,4.110000133514404,4.800000190734863,4.150000095367432,328900.0,1.8844685554504395
2008-10-10,4.320000171661377,3.450000047683716,4.0,3.940000057220459,643900.0,1.7891095876693726
2008-10-13,6.070000171661377,4.199999809265137,4.25,6.050000190734863,132300.0,2.747237205505371
2008-10-14,6.829999923706055,4.789999961853027,6.639999866485596,4.880000114440918,409000.0,2.215954065322876
2008-10-15,5.21999979019165,4.5,4.5,4.659999847412109,692700.0,2.116053819656372
2008-10-16,4.769999980926514,3.9700000286102295,4.75,4.239999771118164,440600.0,1.9253369569778442
2008-10-17,4.460000038146973,3.930000066757202,4.050000190734863,4.260000228881836,405100.0,1.9344184398651123
2008-10-20,4.730000019073486,4.260000228881836,4.420000076293945,4.699999809265137,236800.0,2.1342172622680664
2008-10-21,4.849999904632568,4.320000171661377,4.570000171661377,4.340000152587891,248700.0,1.9707458019256592
2008-10-22,4.309999942779541,3.799999952316284,4.159999847412109,3.930000066757202,249300.0,1.7845690250396729
2008-10-23,4.0,3.2799999713897705,4.0,3.440000057220459,502000.0,1.5620652437210083
2008-10-24,3.2300000190734863,2.700000047683716,3.009999990463257,2.9800000190734863,536000.0,1.353184700012207
2008-10-27,2.9800000190734863,2.440000057220459,2.9800000190734863,2.4600000381469727,176400.0,1.1170588731765747
2008-10-28,2.700000047683716,2.200000047683716,2.640000104904175,2.440000057220459,544800.0,1.107977032661438
2008-10-29,2.6600000858306885,2.1500000953674316,2.4700000286102295,2.25,545800.0,1.0217000246047974
2008-10-30,2.569999933242798,2.240000009536743,2.390000104904175,2.3499999046325684,853900.0,1.0671086311340332
2008-10-31,3.9700000286102295,2.3499999046325684,2.430000066757202,3.9700000286102295,1677900.0,1.8027325868606567
2008-11-03,5.5,3.799999952316284,4.039999961853027,5.070000171661377,1523500.0,2.302229881286621
2008-11-04,5.639999866485596,4.639999866485596,5.429999828338623,5.639999866485596,1341800.0,2.561061143875122
2008-11-05,5.559999942779541,4.150000095367432,5.539999961853027,5.0,850400.0,2.2704436779022217
2008-11-06,5.860000133514404,4.25,5.820000171661377,4.28000020980835,1156100.0,1.9435006380081177
2008-11-07,4.670000076293945,4.039999961853027,4.340000152587891,4.150000095367432,576500.0,1.8844685554504395
2008-11-10,4.480000019073486,3.740000009536743,4.429999828338623,3.799999952316284,582400.0,1.7255374193191528
2008-11-11,3.7699999809265137,3.25,3.7699999809265137,3.3399999141693115,523800.0,1.5166566371917725
2008-11-12,3.319999933242798,2.940000057220459,3.190000057220459,2.9600000381469727,451300.0,1.3441029787063599
2008-11-13,3.4700000286102295,2.759999990463257,2.9700000286102295,3.4700000286102295,764500.0,1.5756884813308716
2008-11-14,3.380000114440918,3.009999990463257,3.299999952316284,3.009999990463257,512200.0,1.3668071031570435
2008-11-17,3.240000009536743,2.950000047683716,3.069999933242798,3.0299999713897705,235400.0,1.3758894205093384
2008-11-18,3.200000047683716,2.859999895095825,3.069999933242798,3.200000047683716,465300.0,1.453084111213684
2008-11-19,3.1700000762939453,2.75,3.1700000762939453,2.799999952316284,426600.0,1.2714487314224243
2008-11-20,2.7899999618530273,2.440000057220459,2.6500000953674316,2.7300000190734863,522400.0,1.239662528038025
2008-11-21,3.069999933242798,2.549999952316284,2.809999942779541,3.049999952316284,454800.0,1.3849709033966064
2008-11-24,3.390000104904175,2.950000047683716,3.109999895095825,3.109999895095825,448100.0,1.4122161865234375
2008-11-25,3.3299999237060547,2.9100000858306885,3.200000047683716,3.3299999237060547,279400.0,1.5121158361434937
2008-11-26,3.9600000381469727,3.1700000762939453,3.2100000381469727,3.700000047683716,303200.0,1.6801283359527588
2008-11-28,3.700000047683716,3.2799999713897705,3.5399999618530273,3.5,215800.0,1.589310646057129
2008-12-01,3.4100000858306885,3.0,3.4100000858306885,3.0199999809265137,279500.0,1.371348261833191
2008-12-02,3.309999942779541,3.0,3.130000114440918,3.2799999713897705,308400.0,1.4894113540649414
2008-12-03,3.609999895095825,3.0999999046325684,3.299999952316284,3.5999999046325684,396400.0,1.6347198486328125
2008-12-04,3.690000057220459,2.8299999237060547,3.5299999713897705,3.0399999618530273,358700.0,1.3804298639297485
2008-12-05,3.0299999713897705,2.740000009536743,2.9700000286102295,2.859999895095825,346900.0,1.2986940145492554
2008-12-08,3.25,2.9200000762939453,2.9200000762939453,3.140000104904175,303600.0,1.425838589668274
2008-12-09,3.359999895095825,3.009999990463257,3.1700000762939453,3.2200000286102295,271400.0,1.4621661901474
2008-12-10,3.75,3.2699999809265137,3.309999942779541,3.4800000190734863,269900.0,1.5802291631698608
2008-12-11,4.199999809265137,3.4800000190734863,3.4800000190734863,3.6600000858306885,475000.0,1.661964774131775
2008-12-12,3.6600000858306885,3.2100000381469727,3.5,3.4600000381469727,350800.0,1.5711479187011719
2008-12-15,3.700000047683716,3.1600000858306885,3.5799999237060547,3.2300000190734863,210400.0,1.4667069911956787
2008-12-16,3.75,3.299999952316284,3.299999952316284,3.75,347400.0,1.7028334140777588
2008-12-17,4.199999809265137,3.619999885559082,3.7300000190734863,3.9000000953674316,370500.0,1.7709468603134155
2008-12-18,4.179999828338623,3.7699999809265137,3.9200000762939453,3.7699999809265137,357700.0,1.7119144201278687
2008-12-19,4.139999866485596,3.680000066757202,3.75,4.139999866485596,507500.0,1.879927635192871
2008-12-22,4.28000020980835,3.9200000762939453,4.130000114440918,4.070000171661377,457900.0,1.8481417894363403
2008-12-23,4.190000057220459,3.7200000286102295,4.099999904632568,3.890000104904175,236800.0,1.7664055824279785
2008-12-24,3.7699999809265137,3.559999942779541,3.7699999809265137,3.630000114440918,157700.0,1.648342251777649
2008-12-26,3.890000104904175,3.609999895095825,3.7300000190734863,3.700000047683716,115500.0,1.6801283359527588
2008-12-29,3.890000104904175,3.549999952316284,3.759999990463257,3.569999933242798,207500.0,1.6210969686508179
2008-12-30,3.5999999046325684,3.299999952316284,3.5999999046325684,3.4000000953674316,370000.0,1.5439016819000244
2008-12-31,4.0,3.3499999046325684,3.430000066757202,4.0,335200.0,1.8163551092147827
2009-01-02,4.300000190734863,3.7799999713897705,4.010000228881836,4.230000019073486,265100.0,1.9207957983016968
2009-01-05,4.96999979019165,4.230000019073486,4.230000019073486,4.710000038146973,643500.0,2.138758420944214
2009-01-06,5.0,4.5,4.789999961853027,4.53000020980835,539300.0,2.0570223331451416
2009-01-07,4.71999979019165,4.110000133514404,4.449999809265137,4.639999866485596,676500.0,2.1069722175598145
2009-01-08,4.75,4.369999885559082,4.639999866485596,4.699999809265137,350300.0,2.1342172622680664
2009-01-09,4.75,4.369999885559082,4.75,4.53000020980835,278600.0,2.0570223331451416
2009-01-12,4.539999961853027,4.309999942779541,4.5,4.389999866485596,316200.0,1.993450403213501
2009-01-13,4.610000133514404,4.130000114440918,4.400000095367432,4.400000095367432,165800.0,1.9979913234710693
2009-01-14,4.480000019073486,4.050000190734863,4.309999942779541,4.420000076293945,242000.0,2.007072687149048
2009-01-15,4.579999923706055,3.990000009536743,4.289999961853027,4.579999923706055,324400.0,2.0797269344329834
2009-01-16,4.739999771118164,4.269999980926514,4.420000076293945,4.710000038146973,340900.0,2.138758420944214
2009-01-20,4.659999847412109,4.289999961853027,4.630000114440918,4.400000095367432,241000.0,1.9979913234710693
2009-01-21,4.949999809265137,4.429999828338623,4.460000038146973,4.900000095367432,410600.0,2.2250354290008545
2009-01-22,4.789999961853027,4.360000133514404,4.789999961853027,4.400000095367432,211300.0,1.9979913234710693
2009-01-23,4.75,4.119999885559082,4.309999942779541,4.610000133514404,351600.0,2.0933492183685303
2009-01-26,4.849999904632568,4.489999771118164,4.670000076293945,4.78000020980835,390900.0,2.1705446243286133
2009-01-27,4.889999866485596,4.550000190734863,4.659999847412109,4.570000171661377,403600.0,2.075186252593994
2009-01-28,5.130000114440918,4.5,4.519999980926514,5.110000133514404,392700.0,2.3203938007354736
2009-01-29,5.059999942779541,4.650000095367432,5.059999942779541,4.78000020980835,327800.0,2.1705446243286133
2009-01-30,5.170000076293945,4.659999847412109,4.860000133514404,5.110000133514404,530000.0,2.3203938007354736
2009-02-02,5.110000133514404,4.699999809265137,4.909999847412109,4.980000019073486,356400.0,2.2613625526428223
2009-02-03,5.380000114440918,4.949999809265137,4.980000019073486,5.309999942779541,484500.0,2.4112117290496826
2009-02-04,5.800000190734863,5.289999961853027,5.340000152587891,5.710000038146973,633700.0,2.5928478240966797
2009-02-05,6.0,5.380000114440918,5.699999809265137,5.820000171661377,587400.0,2.642796039581299
2009-02-06,6.0,5.619999885559082,5.829999923706055,5.880000114440918,323100.0,2.670042037963867
2009-02-09,6.230000019073486,5.929999828338623,6.059999942779541,6.139999866485596,370100.0,2.788105010986328
2009-02-10,6.369999885559082,5.829999923706055,6.170000076293945,5.929999828338623,479300.0,2.692747116088867
2009-02-11,6.300000190734863,6.010000228881836,6.010000228881836,6.150000095367432,329400.0,2.792646884918213
2009-02-12,6.480000019073486,5.920000076293945,6.179999828338623,6.340000152587891,391100.0,2.8789236545562744
2009-02-13,6.710000038146973,6.150000095367432,6.269999980926514,6.309999942779541,472800.0,2.865300178527832
2009-02-17,6.309999942779541,5.630000114440918,6.139999866485596,6.179999828338623,501900.0,2.8062691688537598
2009-02-18,6.179999828338623,4.760000228881836,6.179999828338623,4.840000152587891,764000.0,2.1977899074554443
2009-02-19,5.380000114440918,4.920000076293945,5.380000114440918,5.130000114440918,362600.0,2.3294754028320312
2009-02-20,5.019999980926514,4.25,4.980000019073486,4.670000076293945,369100.0,2.1205945014953613
2009-02-23,4.820000171661377,4.119999885559082,4.650000095367432,4.199999809265137,270200.0,1.907172679901123
2009-02-24,4.929999828338623,4.28000020980835,4.28000020980835,4.75,319900.0,2.156921148300171
2009-02-25,5.03000020980835,4.53000020980835,4.75,4.71999979019165,249800.0,2.143299102783203
2009-02-26,5.150000095367432,4.769999980926514,4.769999980926514,4.940000057220459,277400.0,2.2431983947753906
2009-02-27,5.050000190734863,4.570000171661377,4.78000020980835,4.71999979019165,213100.0,2.143299102783203
2009-03-02,4.670000076293945,3.809999942779541,4.590000152587891,3.9600000381469727,550000.0,1.7981914281845093
2009-03-03,4.199999809265137,3.569999933242798,4.070000171661377,3.950000047683716,832800.0,1.7936514616012573
2009-03-04,4.25,3.930000066757202,4.130000114440918,3.950000047683716,388100.0,1.7936514616012573
2009-03-05,3.940000057220459,3.5,3.8299999237060547,3.569999933242798,299200.0,1.6210969686508179
2009-03-06,3.990000009536743,3.5799999237060547,3.6500000953674316,3.880000114440918,256900.0,1.7618647813796997
2009-03-09,4.170000076293945,3.880000114440918,3.940000057220459,4.010000228881836,265700.0,1.8208963871002197
2009-03-10,4.289999961853027,4.099999904632568,4.179999828338623,4.260000228881836,222200.0,1.9344184398651123
2009-03-11,4.039999961853027,3.200000047683716,3.990000009536743,3.4200000762939453,790300.0,1.5529837608337402
2009-03-12,3.930000066757202,3.130000114440918,3.4100000858306885,3.740000009536743,508700.0,1.6982924938201904
2009-03-13,4.099999904632568,3.5199999809265137,3.7899999618530273,3.9800000190734863,422500.0,1.8072733879089355
2009-03-16,4.320000171661377,3.859999895095825,3.9100000858306885,4.050000190734863,428600.0,1.8390597105026245
2009-03-17,4.840000152587891,4.0,4.03000020980835,4.840000152587891,370700.0,2.1977899074554443
2009-03-18,5.070000171661377,4.5,4.840000152587891,5.0,457700.0,2.2704436779022217
2009-03-19,5.230000019073486,4.739999771118164,5.099999904632568,4.869999885559082,358600.0,2.2114124298095703
2009-03-20,5.03000020980835,4.5,5.03000020980835,4.5,282200.0,2.0434000492095947
2009-03-23,4.989999771118164,4.599999904632568,4.599999904632568,4.989999771118164,248200.0,2.2659032344818115
2009-03-24,4.949999809265137,4.659999847412109,4.880000114440918,4.860000133514404,265900.0,2.20687198638916
2009-03-25,5.170000076293945,4.659999847412109,4.900000095367432,4.920000076293945,200400.0,2.2341177463531494
2009-03-26,5.539999961853027,4.949999809265137,4.96999979019165,5.539999961853027,546100.0,2.5156519412994385
2009-03-27,5.639999866485596,5.28000020980835,5.380000114440918,5.489999771118164,390800.0,2.492947816848755
2009-03-30,5.300000190734863,4.829999923706055,5.239999771118164,5.190000057220459,354600.0,2.3567209243774414
2009-03-31,5.900000095367432,5.090000152587891,5.340000152587891,5.539999961853027,460900.0,2.5156519412994385
2009-04-01,5.840000152587891,5.239999771118164,5.340000152587891,5.820000171661377,285000.0,2.642796039581299
2009-04-02,6.25,5.829999923706055,5.96999979019165,5.96999979019165,398600.0,2.7109100818634033
2009-04-03,6.050000190734863,5.590000152587891,5.900000095367432,5.989999771118164,311200.0,2.71999192237854
2009-04-06,6.150000095367432,5.769999980926514,5.880000114440918,6.070000171661377,183300.0,2.7563185691833496
2009-04-07,6.070000171661377,5.730000019073486,5.860000133514404,5.920000076293945,194600.0,2.6882059574127197
2009-04-08,6.199999809265137,5.829999923706055,5.980000019073486,6.059999942779541,225800.0,2.7517788410186768
2009-04-09,6.289999961853027,6.079999923706055,6.179999828338623,6.199999809265137,287600.0,2.8153510093688965
2009-04-13,6.329999923706055,5.960000038146973,6.150000095367432,6.260000228881836,237900.0,2.8425960540771484
2009-04-14,6.21999979019165,5.869999885559082,6.099999904632568,6.059999942779541,387500.0,2.7517788410186768
2009-04-15,6.190000057220459,5.909999847412109,5.980000019073486,6.119999885559082,340700.0,2.7790238857269287
2009-04-16,6.710000038146973,6.039999961853027,6.150000095367432,6.650000095367432,550100.0,3.0196914672851562
2009-04-17,6.989999771118164,6.230000019073486,6.659999847412109,6.869999885559082,379200.0,3.1195895671844482
2009-04-20,6.840000152587891,6.21999979019165,6.769999980926514,6.329999923706055,369400.0,2.874382257461548
2009-04-21,6.829999923706055,6.340000152587891,6.369999885559082,6.739999771118164,317300.0,3.060559034347534
2009-04-22,6.889999866485596,6.380000114440918,6.590000152587891,6.78000020980835,487500.0,3.0787227153778076
2009-04-23,6.940000057220459,6.559999942779541,6.880000114440918,6.679999828338623,295200.0,3.033313274383545
2009-04-24,6.889999866485596,6.610000133514404,6.820000171661377,6.849999904632568,329900.0,3.1105079650878906
2009-04-27,6.940000057220459,6.559999942779541,6.71999979019165,6.769999980926514,347600.0,3.074181318283081
2009-04-28,7.150000095367432,6.619999885559082,6.690000057220459,7.019999980926514,664700.0,3.1877031326293945
2009-04-29,7.389999866485596,7.070000171661377,7.190000057220459,7.21999979019165,487800.0,3.2785208225250244
2009-04-30,7.590000152587891,7.25,7.28000020980835,7.360000133514404,386700.0,3.342092752456665
2009-05-01,7.659999847412109,7.309999942779541,7.309999942779541,7.369999885559082,287600.0,3.3466339111328125
2009-05-04,7.900000095367432,7.559999942779541,7.590000152587891,7.739999771118164,391000.0,3.5146467685699463
2009-05-05,8.420000076293945,7.730000019073486,7.730000019073486,8.359999656677246,563500.0,3.7961816787719727
2009-05-06,8.779999732971191,7.840000152587891,8.489999771118164,7.960000038146973,493700.0,3.614546775817871
2009-05-07,8.479999542236328,7.329999923706055,8.270000457763672,7.550000190734863,398400.0,3.4283716678619385
2009-05-08,8.109999656677246,7.739999771118164,7.739999771118164,8.010000228881836,292600.0,3.637251853942871
2009-05-11,8.140000343322754,7.829999923706055,7.849999904632568,8.130000114440918,485900.0,3.691742420196533
2009-05-12,8.319999694824219,7.829999923706055,8.239999771118164,7.940000057220459,287200.0,3.6054651737213135
2009-05-13,7.869999885559082,7.349999904632568,7.699999809265137,7.389999866485596,257900.0,3.355715751647949
2009-05-14,7.940000057220459,7.0,7.420000076293945,7.590000152587891,271200.0,3.4465343952178955
2009-05-15,8.029999732971191,7.510000228881836,7.559999942779541,7.679999828338623,176900.0,3.4874024391174316
2009-05-18,7.849999904632568,7.559999942779541,7.75,7.679999828338623,202200.0,3.4874024391174316
2009-05-19,8.40999984741211,7.579999923706055,7.710000038146973,8.199999809265137,425700.0,3.723529100418091
2009-05-20,8.75,8.239999771118164,8.380000114440918,8.279999732971191,459600.0,3.759855270385742
2009-05-21,8.380000114440918,7.900000095367432,8.180000305175781,8.199999809265137,326600.0,3.723529100418091
2009-05-22,8.399999618530273,8.170000076293945,8.270000457763672,8.170000076293945,292300.0,3.709904909133911
2009-05-26,8.8100004196167,8.0,8.100000381469727,8.710000038146973,296400.0,3.9551138877868652
2009-05-27,9.239999771118164,8.680000305175781,8.710000038146973,8.869999885559082,447400.0,4.027767658233643
2009-05-28,9.149999618530273,8.640000343322754,8.899999618530273,9.119999885559082,276400.0,4.141290664672852
2009-05-29,9.739999771118164,9.1899995803833,9.1899995803833,9.5600004196167,320000.0,4.341089248657227
2009-06-01,10.350000381469727,9.65999984741211,9.8100004196167,10.289999961853027,335900.0,4.672573566436768
2009-06-02,10.739999771118164,10.0,10.180000305175781,10.0,553100.0,4.540887355804443
2009-06-03,9.800000190734863,8.1899995803833,9.800000190734863,8.399999618530273,821800.0,3.814345359802246
2009-06-04,9.149999618530273,8.399999618530273,8.649999618530273,9.0600004196167,471900.0,4.114044666290283
2009-06-05,9.380000114440918,8.65999984741211,9.199999809265137,8.770000457763672,360000.0,3.982358932495117
2009-06-08,8.869999885559082,8.34000015258789,8.789999961853027,8.699999809265137,201400.0,3.950573444366455
2009-06-09,9.40999984741211,8.75,8.75,9.119999885559082,282900.0,4.141290664672852
2009-06-10,9.380000114440918,8.649999618530273,9.180000305175781,9.010000228881836,293400.0,4.0913405418396
2009-06-11,9.199999809265137,8.869999885559082,9.069999694824219,8.920000076293945,254900.0,4.050472736358643
2009-06-12,9.140000343322754,8.649999618530273,8.850000381469727,8.899999618530273,220000.0,4.041390419006348
2009-06-15,8.720000267028809,8.399999618530273,8.640000343322754,8.420000076293945,285600.0,3.823427677154541
2009-06-16,8.859999656677246,8.350000381469727,8.619999885559082,8.430000305175781,278400.0,3.827968120574951
2009-06-17,8.40999984741211,7.489999771118164,8.40999984741211,8.039999961853027,440700.0,3.650874137878418
2009-06-18,8.09000015258789,7.820000171661377,8.010000228881836,7.949999809265137,169300.0,3.6100053787231445
2009-06-19,8.069999694824219,7.389999866485596,8.0600004196167,7.5,390700.0,3.4056668281555176
2009-06-22,7.400000095367432,6.619999885559082,7.400000095367432,6.78000020980835,463400.0,3.0787227153778076
2009-06-23,6.989999771118164,6.5,6.880000114440918,6.860000133514404,304900.0,3.115049362182617
2009-06-24,7.090000152587891,6.599999904632568,6.920000076293945,6.739999771118164,241600.0,3.060559034347534
2009-06-25,7.210000038146973,6.639999866485596,6.639999866485596,7.110000133514404,293700.0,3.2285709381103516
2009-06-26,7.139999866485596,6.860000133514404,7.070000171661377,7.119999885559082,1154900.0,3.233112335205078
2009-06-29,7.46999979019165,7.090000152587891,7.130000114440918,7.289999961853027,258700.0,3.310307741165161
2009-06-30,7.400000095367432,7.099999904632568,7.320000171661377,7.329999923706055,226300.0,3.3284709453582764
2009-07-01,7.619999885559082,7.179999828338623,7.449999809265137,7.269999980926514,291900.0,3.3012259006500244
2009-07-02,7.130000114440918,7.0,7.059999942779541,7.130000114440918,265000.0,3.2376534938812256
2009-07-06,7.03000020980835,6.599999904632568,7.03000020980835,6.829999923706055,192600.0,3.101426362991333
2009-07-07,6.909999847412109,6.550000190734863,6.769999980926514,6.650000095367432,344600.0,3.0196914672851562
2009-07-08,6.769999980926514,6.210000038146973,6.650000095367432,6.690000057220459,381200.0,3.0378544330596924
2009-07-09,7.059999942779541,6.599999904632568,6.78000020980835,6.849999904632568,188300.0,3.1105079650878906
2009-07-10,6.880000114440918,6.550000190734863,6.769999980926514,6.590000152587891,260100.0,2.992445230484009
2009-07-13,6.920000076293945,6.400000095367432,6.639999866485596,6.860000133514404,241100.0,3.115049362182617
2009-07-14,7.090000152587891,6.840000152587891,6.869999885559082,6.920000076293945,181500.0,3.1422958374023438
2009-07-15,7.539999961853027,7.070000171661377,7.070000171661377,7.28000020980835,475100.0,3.3057665824890137
2009-07-16,7.519999980926514,7.199999809265137,7.199999809265137,7.260000228881836,350300.0,3.296684503555298
2009-07-17,7.75,7.179999828338623,7.179999828338623,7.659999847412109,301700.0,3.478320360183716
2009-07-20,8.119999885559082,7.739999771118164,7.760000228881836,8.050000190734863,217400.0,3.6554150581359863
2009-07-21,8.479999542236328,8.079999923706055,8.199999809265137,8.430000305175781,252100.0,3.827968120574951
2009-07-22,8.470000267028809,8.079999923706055,8.380000114440918,8.34000015258789,155000.0,3.7871007919311523
2009-07-23,8.75,8.210000038146973,8.25,8.680000305175781,198100.0,3.9414916038513184
2009-07-24,8.800000190734863,8.600000381469727,8.65999984741211,8.75,202800.0,3.9732775688171387
2009-07-27,8.789999961853027,8.510000228881836,8.75,8.65999984741211,134500.0,3.9324097633361816
2009-07-28,8.470000267028809,8.109999656677246,8.470000267028809,8.350000381469727,223300.0,3.7916417121887207
2009-07-29,8.430000305175781,8.0,8.140000343322754,8.399999618530273,244300.0,3.814345359802246
2009-07-30,8.800000190734863,8.510000228881836,8.520000457763672,8.65999984741211,134300.0,3.9324097633361816
2009-07-31,8.699999809265137,8.449999809265137,8.579999923706055,8.539999961853027,152900.0,3.8779191970825195
2009-08-03,8.920000076293945,8.609999656677246,8.710000038146973,8.920000076293945,165900.0,4.050472736358643
2009-08-04,9.220000267028809,8.710000038146973,8.800000190734863,9.0,361300.0,4.0868000984191895
2009-08-05,9.119999885559082,8.649999618530273,9.039999961853027,8.869999885559082,173400.0,4.027767658233643
2009-08-06,9.5,8.710000038146973,9.460000038146973,9.010000228881836,195400.0,4.0913405418396
2009-08-07,9.470000267028809,8.819999694824219,9.289999961853027,8.819999694824219,253600.0,4.005064010620117
2009-08-10,9.279999732971191,8.760000228881836,8.760000228881836,9.069999694824219,180600.0,4.118585109710693
2009-08-11,9.109999656677246,8.800000190734863,8.970000267028809,8.819999694824219,154900.0,4.005064010620117
2009-08-12,9.1899995803833,8.859999656677246,8.859999656677246,9.079999923706055,199400.0,4.123127460479736
2009-08-13,9.319999694824219,9.069999694824219,9.229999542236328,9.300000190734863,127300.0,4.223025798797607
2009-08-14,9.300000190734863,8.869999885559082,9.300000190734863,9.09000015258789,170700.0,4.1276679039001465
2009-08-17,8.869999885559082,8.600000381469727,8.869999885559082,8.739999771118164,166300.0,3.968735694885254
2009-08-18,9.15999984741211,8.819999694824219,8.880000114440918,9.109999656677246,202700.0,4.136749267578125
2009-08-19,9.380000114440918,8.880000114440918,8.960000038146973,9.25,194900.0,4.200320243835449
2009-08-20,9.579999923706055,9.149999618530273,9.239999771118164,9.5,187800.0,4.313842296600342
2009-08-21,9.789999961853027,9.609999656677246,9.680000305175781,9.770000457763672,194000.0,4.436447620391846
2009-08-24,10.149999618530273,9.789999961853027,9.789999961853027,10.100000381469727,213000.0,4.58629846572876
2009-08-25,10.25,9.979999542236328,10.199999809265137,10.069999694824219,181000.0,4.572673797607422
2009-08-26,10.149999618530273,9.720000267028809,10.09000015258789,10.0600004196167,194200.0,4.5681352615356445
2009-08-27,10.25,9.670000076293945,9.979999542236328,10.229999542236328,76700.0,4.645328521728516
2009-08-28,10.3100004196167,9.680000305175781,10.279999732971191,9.789999961853027,167100.0,4.445529937744141
2009-08-31,9.770000457763672,9.3100004196167,9.619999885559082,9.680000305175781,162300.0,4.395579814910889
2009-09-01,10.390000343322754,9.670000076293945,9.670000076293945,9.869999885559082,387800.0,4.481855869293213
2009-09-02,10.0600004196167,9.510000228881836,9.760000228881836,9.869999885559082,586200.0,4.481855869293213
2009-09-03,9.949999809265137,9.520000457763672,9.899999618530273,9.630000114440918,148400.0,4.372874736785889
2009-09-04,10.010000228881836,9.579999923706055,9.640000343322754,10.010000228881836,120200.0,4.5454301834106445
2009-09-08,10.65999984741211,10.050000190734863,10.109999656677246,10.630000114440918,211200.0,4.826964378356934
2009-09-09,10.720000267028809,10.420000076293945,10.649999618530273,10.619999885559082,186500.0,4.822423458099365
2009-09-10,10.720000267028809,10.319999694824219,10.630000114440918,10.65999984741211,119300.0,4.840587615966797
2009-09-11,11.0600004196167,10.699999809265137,10.710000038146973,10.829999923706055,213400.0,4.917781829833984
2009-09-14,11.069999694824219,10.5,10.729999542236328,11.0,123800.0,4.994976997375488
2009-09-15,11.359999656677246,10.899999618530273,10.979999542236328,11.359999656677246,248900.0,5.158448696136475
2009-09-16,11.539999961853027,11.270000457763672,11.380000114440918,11.430000305175781,159600.0,5.190235137939453
2009-09-17,11.760000228881836,11.329999923706055,11.369999885559082,11.420000076293945,174100.0,5.185695648193359
2009-09-18,11.899999618530273,11.300000190734863,11.59000015258789,11.550000190734863,312000.0,5.244725227355957
2009-09-21,11.460000038146973,11.109999656677246,11.399999618530273,11.279999732971191,180400.0,5.122122287750244
2009-09-22,11.880000114440918,11.390000343322754,11.4399995803833,11.8100004196167,142700.0,5.362788677215576
2009-09-23,12.069999694824219,11.680000305175781,11.869999885559082,11.720000267028809,267200.0,5.321922302246094
2009-09-24,12.039999961853027,11.40999984741211,11.699999809265137,11.5,285900.0,5.222020149230957
2009-09-25,12.0,11.380000114440918,11.40999984741211,11.579999923706055,252000.0,5.258347034454346
2009-09-28,12.199999809265137,11.579999923706055,11.649999618530273,12.130000114440918,145500.0,5.5080976486206055
2009-09-29,12.489999771118164,12.09000015258789,12.109999656677246,12.260000228881836,369200.0,5.567129135131836
2009-09-30,12.670000076293945,11.90999984741211,12.3100004196167,12.4399995803833,270000.0,5.64886474609375
2009-10-01,12.470000267028809,11.539999961853027,12.470000267028809,11.569999694824219,211500.0,5.253806114196777
2009-10-02,11.59000015258789,10.619999885559082,11.359999656677246,11.1899995803833,224800.0,5.081254959106445
2009-10-05,13.34000015258789,11.100000381469727,11.210000038146973,12.010000228881836,1350300.0,5.453606605529785
2009-10-06,13.279999732971191,12.15999984741211,12.170000076293945,12.920000076293945,427800.0,5.866827964782715
2009-10-07,13.25,12.710000038146973,12.779999732971191,13.050000190734863,159000.0,5.9258599281311035
2009-10-08,13.329999923706055,12.960000038146973,13.229999542236328,13.130000114440918,127800.0,5.962186813354492
2009-10-09,13.390000343322754,13.050000190734863,13.1899995803833,13.109999656677246,104100.0,5.9531049728393555
2009-10-12,13.890000343322754,13.270000457763672,13.3100004196167,13.380000114440918,213900.0,6.075708866119385
2009-10-13,13.40999984741211,12.770000457763672,13.40999984741211,13.1899995803833,221100.0,5.989432334899902
2009-10-14,13.550000190734863,13.109999656677246,13.479999542236328,13.449999809265137,161300.0,6.1074957847595215
2009-10-15,13.729999542236328,13.270000457763672,13.319999694824219,13.630000114440918,91200.0,6.189229488372803
2009-10-16,13.760000228881836,13.380000114440918,13.520000457763672,13.449999809265137,121900.0,6.1074957847595215
2009-10-19,13.729999542236328,13.199999809265137,13.449999809265137,13.489999771118164,144400.0,6.1256585121154785
2009-10-20,13.75,13.100000381469727,13.59000015258789,13.300000190734863,315200.0,6.0393829345703125
2009-10-21,13.550000190734863,13.020000457763672,13.180000305175781,13.130000114440918,190700.0,5.962186813354492
2009-10-22,13.199999809265137,12.65999984741211,13.0600004196167,13.029999732971191,135100.0,5.916777610778809
2009-10-23,13.140000343322754,11.829999923706055,13.100000381469727,11.930000305175781,404300.0,5.417280197143555
2009-10-26,12.430000305175781,11.300000190734863,11.979999542236328,11.449999809265137,288100.0,5.199316501617432
2009-10-27,12.0,11.390000343322754,11.539999961853027,11.640000343322754,175400.0,5.285592079162598
2009-10-28,11.600000381469727,10.4399995803833,11.579999923706055,10.760000228881836,323400.0,4.885993957519531
2009-10-29,11.479999542236328,10.859999656677246,10.859999656677246,11.329999923706055,237200.0,5.144826889038086
2009-10-30,11.279999732971191,10.460000038146973,11.239999771118164,10.520000457763672,231700.0,4.77701473236084
2009-11-02,10.84000015258789,9.819999694824219,10.600000381469727,10.34000015258789,450500.0,4.695278644561768
2009-11-03,11.350000381469727,10.0,10.1899995803833,10.829999923706055,440000.0,4.917781829833984
2009-11-04,10.949999809265137,10.279999732971191,10.869999885559082,10.319999694824219,319800.0,4.686195373535156
2009-11-05,10.430000305175781,10.020000457763672,10.300000190734863,10.3100004196167,260500.0,4.681656360626221
2009-11-06,9.0,8.100000381469727,8.800000190734863,8.5,2876600.0,3.859755516052246
2009-11-09,8.630000114440918,7.900000095367432,8.5,8.100000381469727,1371400.0,3.678119421005249
2009-11-10,8.220000267028809,7.949999809265137,8.130000114440918,8.149999618530273,728500.0,3.7008235454559326
2009-11-11,8.649999618530273,8.170000076293945,8.1899995803833,8.359999656677246,922700.0,3.7961816787719727
2009-11-12,8.40999984741211,8.0600004196167,8.34000015258789,8.119999885559082,294000.0,3.6872005462646484
2009-11-13,8.270000457763672,7.769999980926514,8.100000381469727,7.940000057220459,541600.0,3.6054651737213135
2009-11-16,8.199999809265137,7.809999942779541,8.010000228881836,7.849999904632568,381100.0,3.564596652984619
2009-11-17,7.840000152587891,7.239999771118164,7.769999980926514,7.489999771118164,653200.0,3.401124954223633
2009-11-18,7.570000171661377,7.260000228881836,7.53000020980835,7.289999961853027,453200.0,3.310307741165161
2009-11-19,7.320000171661377,7.059999942779541,7.210000038146973,7.170000076293945,412500.0,3.2558162212371826
2009-11-20,7.300000190734863,6.949999809265137,7.25,7.210000038146973,396500.0,3.2739813327789307
2009-11-23,7.679999828338623,7.300000190734863,7.300000190734863,7.650000095367432,687000.0,3.4737796783447266
2009-11-24,7.75,7.199999809265137,7.739999771118164,7.619999885559082,504900.0,3.4601571559906006
2009-11-25,7.840000152587891,7.46999979019165,7.619999885559082,7.769999980926514,270200.0,3.5282702445983887
2009-11-27,7.519999980926514,7.340000152587891,7.369999885559082,7.440000057220459,174900.0,3.378420114517212
2009-11-30,7.420000076293945,7.059999942779541,7.420000076293945,7.329999923706055,613400.0,3.3284709453582764
2009-12-01,7.5,7.099999904632568,7.46999979019165,7.389999866485596,908700.0,3.355715751647949
2009-12-02,7.650000095367432,7.309999942779541,7.420000076293945,7.550000190734863,347500.0,3.4283716678619385
2009-12-03,7.809999942779541,7.409999847412109,7.650000095367432,7.440000057220459,424300.0,3.378420114517212
2009-12-04,7.75,7.309999942779541,7.579999923706055,7.659999847412109,315100.0,3.478320360183716
2009-12-07,7.800000190734863,7.550000190734863,7.650000095367432,7.590000152587891,142900.0,3.4465343952178955
2009-12-08,7.599999904632568,7.300000190734863,7.5,7.449999809265137,400300.0,3.3829617500305176
2009-12-09,7.46999979019165,7.150000095367432,7.46999979019165,7.300000190734863,211000.0,3.3148481845855713
2009-12-10,7.360000133514404,7.050000190734863,7.320000171661377,7.150000095367432,304800.0,3.246734619140625
2009-12-11,7.510000228881836,6.900000095367432,7.25,7.409999847412109,1665200.0,3.364798069000244
2009-12-14,7.599999904632568,7.349999904632568,7.460000038146973,7.590000152587891,283100.0,3.4465343952178955
2009-12-15,7.630000114440918,7.28000020980835,7.599999904632568,7.369999885559082,328600.0,3.3466339111328125
2009-12-16,7.440000057220459,6.960000038146973,7.340000152587891,7.010000228881836,583000.0,3.1831624507904053
2009-12-17,7.0,6.760000228881836,7.0,6.829999923706055,475200.0,3.101426362991333
2009-12-18,6.829999923706055,6.5,6.829999923706055,6.550000190734863,539500.0,2.9742820262908936
2009-12-21,6.789999961853027,6.550000190734863,6.570000171661377,6.760000228881836,203500.0,3.0696403980255127
2009-12-22,6.840000152587891,6.599999904632568,6.809999942779541,6.599999904632568,194800.0,2.9969863891601562
2009-12-23,6.829999923706055,6.599999904632568,6.670000076293945,6.78000020980835,124700.0,3.0787227153778076
2009-12-24,6.829999923706055,6.699999809265137,6.789999961853027,6.71999979019165,49200.0,3.0514769554138184
2009-12-28,7.019999980926514,6.730000019073486,6.760000228881836,6.869999885559082,168500.0,3.1195895671844482
2009-12-29,7.150000095367432,6.900000095367432,6.989999771118164,7.130000114440918,297200.0,3.2376534938812256
2009-12-30,7.139999866485596,7.039999961853027,7.039999961853027,7.130000114440918,246100.0,3.2376534938812256
2009-12-31,7.130000114440918,6.860000133514404,7.099999904632568,6.860000133514404,417200.0,3.115049362182617
2010-01-04,7.539999961853027,7.099999904632568,7.099999904632568,7.429999828338623,933200.0,3.3738794326782227
2010-01-05,7.849999904632568,7.400000095367432,7.519999980926514,7.570000171661377,769500.0,3.437453031539917
2010-01-06,7.960000038146973,7.630000114440918,7.670000076293945,7.809999942779541,1048400.0,3.546433687210083
2010-01-07,7.889999866485596,7.710000038146973,7.829999923706055,7.820000171661377,310500.0,3.5509748458862305
2010-01-08,7.949999809265137,7.639999866485596,7.809999942779541,7.820000171661377,411200.0,3.5509748458862305
2010-01-11,7.949999809265137,7.46999979019165,7.909999847412109,7.5,434800.0,3.4056668281555176
2010-01-12,7.460000038146973,7.269999980926514,7.420000076293945,7.320000171661377,284600.0,3.32392954826355
2010-01-13,7.449999809265137,7.25,7.309999942779541,7.389999866485596,242700.0,3.355715751647949
2010-01-14,7.840000152587891,7.409999847412109,7.409999847412109,7.809999942779541,333600.0,3.546433687210083
2010-01-15,8.039999961853027,7.71999979019165,7.800000190734863,8.039999961853027,624400.0,3.650874137878418
2010-01-19,8.510000228881836,8.079999923706055,8.079999923706055,8.40999984741211,1801000.0,3.8188867568969727
2010-01-20,8.4399995803833,8.0,8.380000114440918,8.319999694824219,419800.0,3.778019428253174
2010-01-21,8.75,8.34000015258789,8.359999656677246,8.510000228881836,1352600.0,3.864295482635498
2010-01-22,8.829999923706055,8.300000190734863,8.510000228881836,8.520000457763672,937500.0,3.8688368797302246
2010-01-25,8.619999885559082,8.40999984741211,8.5600004196167,8.539999961853027,516000.0,3.8779191970825195
2010-01-26,8.640000343322754,8.399999618530273,8.5,8.399999618530273,880500.0,3.814345359802246
2010-01-27,8.420000076293945,8.15999984741211,8.369999885559082,8.350000381469727,324500.0,3.7916417121887207
2010-01-28,8.369999885559082,8.0,8.319999694824219,8.119999885559082,414900.0,3.6872005462646484
2010-01-29,8.489999771118164,7.989999771118164,8.199999809265137,8.020000457763672,539100.0,3.6417927742004395
2010-02-01,8.289999961853027,8.0,8.020000457763672,8.25,250900.0,3.746232271194458
2010-02-02,8.399999618530273,8.119999885559082,8.25,8.380000114440918,226400.0,3.8052642345428467
2010-02-03,8.40999984741211,8.050000190734863,8.3100004196167,8.119999885559082,949200.0,3.6872005462646484
2010-02-04,8.170000076293945,7.889999866485596,8.15999984741211,7.989999771118164,554400.0,3.628168821334839
2010-02-05,7.989999771118164,7.690000057220459,7.96999979019165,7.949999809265137,469100.0,3.6100053787231445
2010-02-08,8.010000228881836,7.739999771118164,7.980000019073486,7.809999942779541,236400.0,3.546433687210083
2010-02-09,7.940000057220459,7.619999885559082,7.880000114440918,7.900000095367432,363800.0,3.5873029232025146
2010-02-10,7.980000019073486,7.78000020980835,7.849999904632568,7.900000095367432,257000.0,3.5873029232025146
2010-02-11,7.900000095367432,7.679999828338623,7.829999923706055,7.809999942779541,249900.0,3.546433687210083
2010-02-12,8.1899995803833,7.619999885559082,7.730000019073486,8.1899995803833,379100.0,3.718986988067627
2010-02-16,8.3100004196167,8.079999923706055,8.3100004196167,8.279999732971191,164000.0,3.759855270385742
2010-02-17,8.40999984741211,8.180000305175781,8.300000190734863,8.319999694824219,243800.0,3.778019428253174
2010-02-18,8.369999885559082,8.229999542236328,8.289999961853027,8.3100004196167,168900.0,3.7734787464141846
2010-02-19,8.350000381469727,8.25,8.300000190734863,8.300000190734863,169100.0,3.768937110900879
2010-02-22,8.40999984741211,8.199999809265137,8.300000190734863,8.279999732971191,138400.0,3.759855270385742
2010-02-23,8.289999961853027,8.0,8.25,8.020000457763672,165200.0,3.6417927742004395
2010-02-24,8.220000267028809,8.020000457763672,8.079999923706055,8.069999694824219,114400.0,3.664496660232544
2010-02-25,8.199999809265137,7.809999942779541,7.949999809265137,8.149999618530273,332600.0,3.7008235454559326
2010-02-26,8.279999732971191,8.0600004196167,8.199999809265137,8.220000267028809,440100.0,3.7326107025146484
2010-03-01,8.300000190734863,7.880000114440918,7.929999828338623,8.1899995803833,492400.0,3.718986988067627
2010-03-02,8.75,8.4399995803833,8.65999984741211,8.479999542236328,1161800.0,3.8506739139556885
2010-03-03,8.65999984741211,8.479999542236328,8.529999732971191,8.579999923706055,627700.0,3.896082639694214
2010-03-04,8.989999771118164,8.600000381469727,8.65999984741211,8.609999656677246,683500.0,3.9097039699554443
2010-03-05,8.890000343322754,8.710000038146973,8.710000038146973,8.84000015258789,545500.0,4.014145374298096
2010-03-08,9.100000381469727,8.890000343322754,8.90999984741211,8.949999809265137,653500.0,4.064094066619873
2010-03-09,9.09000015258789,8.930000305175781,8.979999542236328,9.0,624000.0,4.0868000984191895
2010-03-10,9.550000190734863,9.0,9.079999923706055,9.430000305175781,802400.0,4.282057285308838
2010-03-11,9.600000381469727,9.130000114440918,9.390000343322754,9.15999984741211,863500.0,4.159453868865967
2010-03-12,9.380000114440918,9.109999656677246,9.260000228881836,9.260000228881836,380100.0,4.204862117767334
2010-03-15,9.34000015258789,8.859999656677246,9.319999694824219,8.979999542236328,491900.0,4.077717304229736
2010-03-16,8.989999771118164,8.65999984741211,8.970000267028809,8.960000038146973,406100.0,4.068635940551758
2010-03-17,9.260000228881836,8.960000038146973,9.0,9.09000015258789,381600.0,4.1276679039001465
2010-03-18,9.300000190734863,8.9399995803833,9.220000267028809,9.050000190734863,352400.0,4.109504222869873
2010-03-19,9.15999984741211,8.699999809265137,8.899999618530273,8.899999618530273,376300.0,4.041390419006348
2010-03-22,8.890000343322754,8.649999618530273,8.84000015258789,8.739999771118164,365100.0,3.968735694885254
2010-03-23,8.819999694824219,8.670000076293945,8.789999961853027,8.770000457763672,343200.0,3.982358932495117
2010-03-24,8.770000457763672,8.649999618530273,8.75,8.720000267028809,700500.0,3.95965576171875
2010-03-25,8.859999656677246,8.5600004196167,8.760000228881836,8.579999923706055,327800.0,3.896082639694214
2010-03-26,8.739999771118164,8.529999732971191,8.649999618530273,8.699999809265137,347200.0,3.950573444366455
2010-03-29,9.010000228881836,8.770000457763672,8.800000190734863,8.9399995803833,417200.0,4.059554100036621
2010-03-30,8.979999542236328,8.75,8.949999809265137,8.779999732971191,232000.0,3.986900806427002
2010-03-31,8.899999618530273,8.710000038146973,8.770000457763672,8.75,208400.0,3.9732775688171387
2010-04-01,8.949999809265137,8.729999542236328,8.770000457763672,8.930000305175781,185400.0,4.055014610290527
2010-04-05,9.140000343322754,8.9399995803833,8.979999542236328,9.140000343322754,206300.0,4.150372505187988
2010-04-06,9.40999984741211,9.109999656677246,9.109999656677246,9.199999809265137,229400.0,4.177616596221924
2010-04-07,9.15999984741211,8.770000457763672,9.15999984741211,8.800000190734863,300700.0,3.9959826469421387
2010-04-08,8.8100004196167,8.479999542236328,8.800000190734863,8.6899995803833,316000.0,3.946033000946045
2010-04-09,8.729999542236328,8.260000228881836,8.65999984741211,8.34000015258789,475200.0,3.7871007919311523
2010-04-12,8.350000381469727,7.909999847412109,8.300000190734863,8.100000381469727,711900.0,3.678119421005249
2010-04-13,8.069999694824219,7.909999847412109,7.96999979019165,7.909999847412109,456300.0,3.5918426513671875
2010-04-14,8.300000190734863,7.929999828338623,7.929999828338623,8.279999732971191,290600.0,3.759855270385742
2010-04-15,8.4399995803833,8.260000228881836,8.3100004196167,8.300000190734863,316300.0,3.768937110900879
2010-04-16,8.350000381469727,8.020000457763672,8.289999961853027,8.279999732971191,387800.0,3.759855270385742
2010-04-19,8.289999961853027,7.960000038146973,8.25,8.020000457763672,346800.0,3.6417927742004395
2010-04-20,8.180000305175781,8.0,8.029999732971191,8.170000076293945,167100.0,3.709904909133911
2010-04-21,8.229999542236328,8.039999961853027,8.220000267028809,8.039999961853027,154200.0,3.650874137878418
2010-04-22,8.329999923706055,7.980000019073486,7.980000019073486,8.289999961853027,231800.0,3.7643954753875732
2010-04-23,8.579999923706055,8.260000228881836,8.350000381469727,8.579999923706055,221900.0,3.896082639694214
2010-04-26,8.65999984741211,8.420000076293945,8.65999984741211,8.600000381469727,250400.0,3.9051640033721924
2010-04-27,8.600000381469727,8.25,8.59000015258789,8.260000228881836,264000.0,3.7507731914520264
2010-04-28,8.430000305175781,8.09000015258789,8.289999961853027,8.399999618530273,211600.0,3.814345359802246
2010-04-29,8.6899995803833,8.359999656677246,8.460000038146973,8.6899995803833,255900.0,3.946033000946045
2010-04-30,8.779999732971191,8.270000457763672,8.729999542236328,8.489999771118164,676700.0,3.855214834213257
2010-05-03,8.630000114440918,8.15999984741211,8.539999961853027,8.470000267028809,299200.0,3.846132516860962
2010-05-04,8.140000343322754,7.949999809265137,8.079999923706055,8.130000114440918,668200.0,3.691742420196533
2010-05-05,8.069999694824219,7.699999809265137,8.0,7.760000228881836,490200.0,3.5237295627593994
2010-05-06,7.929999828338623,6.940000057220459,7.690000057220459,7.679999828338623,519200.0,3.4874024391174316
2010-05-07,7.75,7.25,7.590000152587891,7.5,497200.0,3.4056668281555176
2010-05-10,7.989999771118164,7.659999847412109,7.989999771118164,7.849999904632568,232200.0,3.564596652984619
2010-05-11,7.949999809265137,7.630000114440918,7.78000020980835,7.829999923706055,123900.0,3.5555155277252197
2010-05-12,8.100000381469727,7.789999961853027,7.829999923706055,8.100000381469727,144300.0,3.678119421005249
2010-05-13,8.25,7.989999771118164,8.0600004196167,8.130000114440918,139800.0,3.691742420196533
2010-05-14,8.09000015258789,7.840000152587891,8.029999732971191,8.0600004196167,300200.0,3.6599555015563965
2010-05-17,8.350000381469727,8.050000190734863,8.130000114440918,8.319999694824219,411000.0,3.778019428253174
2010-05-18,8.399999618530273,7.920000076293945,8.359999656677246,7.980000019073486,846500.0,3.6236283779144287
2010-05-19,8.270000457763672,7.75,8.0,7.989999771118164,313100.0,3.628168821334839
2010-05-20,7.769999980926514,7.380000114440918,7.769999980926514,7.599999904632568,363800.0,3.4510748386383057
2010-05-21,7.929999828338623,7.429999828338623,7.460000038146973,7.650000095367432,270300.0,3.4737796783447266
2010-05-24,7.739999771118164,7.320000171661377,7.630000114440918,7.460000038146973,202400.0,3.387502908706665
2010-05-25,7.179999828338623,6.889999866485596,7.139999866485596,7.079999923706055,368200.0,3.214948892593384
2010-05-26,7.5,7.190000057220459,7.190000057220459,7.369999885559082,381400.0,3.3466339111328125
2010-05-27,7.710000038146973,7.460000038146973,7.510000228881836,7.650000095367432,132800.0,3.4737796783447266
2010-05-28,7.699999809265137,7.28000020980835,7.599999904632568,7.559999942779541,227600.0,3.4329118728637695
2010-06-01,7.639999866485596,7.230000019073486,7.449999809265137,7.239999771118164,198100.0,3.2876029014587402
2010-06-02,7.550000190734863,7.25,7.25,7.539999961853027,106300.0,3.4238288402557373
2010-06-03,7.900000095367432,7.550000190734863,7.550000190734863,7.860000133514404,183100.0,3.5691380500793457
2010-06-04,7.889999866485596,7.519999980926514,7.690000057220459,7.619999885559082,294900.0,3.4601571559906006
2010-06-07,7.78000020980835,7.400000095367432,7.690000057220459,7.400000095367432,313300.0,3.3602566719055176
2010-06-08,7.579999923706055,7.199999809265137,7.5,7.539999961853027,290200.0,3.4238288402557373
2010-06-09,7.679999828338623,7.269999980926514,7.639999866485596,7.400000095367432,224600.0,3.3602566719055176
2010-06-10,7.760000228881836,7.420000076293945,7.510000228881836,7.739999771118164,181200.0,3.5146467685699463
2010-06-11,7.989999771118164,7.670000076293945,7.670000076293945,7.96999979019165,165500.0,3.6190884113311768
2010-06-14,8.25,7.929999828338623,7.96999979019165,7.960000038146973,255300.0,3.614546775817871
2010-06-15,8.25,7.889999866485596,7.960000038146973,8.1899995803833,291100.0,3.718986988067627
2010-06-16,8.210000038146973,8.0,8.079999923706055,8.079999923706055,388000.0,3.669036626815796
2010-06-17,8.149999618530273,7.869999885559082,8.140000343322754,8.109999656677246,232300.0,3.6826603412628174
2010-06-18,8.220000267028809,7.949999809265137,8.100000381469727,8.109999656677246,338800.0,3.6826603412628174
2010-06-21,8.270000457763672,8.050000190734863,8.1899995803833,8.130000114440918,181300.0,3.691742420196533
2010-06-22,8.170000076293945,7.78000020980835,8.170000076293945,7.809999942779541,273500.0,3.546433687210083
2010-06-23,7.920000076293945,7.659999847412109,7.78000020980835,7.880000114440918,272000.0,3.578219175338745
2010-06-24,8.029999732971191,7.809999942779541,7.840000152587891,7.929999828338623,126600.0,3.600923776626587
2010-06-25,8.109999656677246,7.829999923706055,7.980000019073486,7.980000019073486,1125800.0,3.6236283779144287
2010-06-28,8.119999885559082,7.889999866485596,8.0,7.949999809265137,209300.0,3.6100053787231445
2010-06-29,7.869999885559082,7.510000228881836,7.829999923706055,7.599999904632568,283100.0,3.4510748386383057
2010-06-30,7.929999828338623,7.480000019073486,7.610000133514404,7.519999980926514,288700.0,3.4147472381591797
2010-07-01,7.510000228881836,6.960000038146973,7.510000228881836,7.150000095367432,432600.0,3.246734619140625
2010-07-02,7.269999980926514,6.909999847412109,7.21999979019165,7.0,246000.0,3.178621292114258
2010-07-06,7.190000057220459,6.710000038146973,7.159999847412109,6.739999771118164,244200.0,3.060559034347534
2010-07-07,7.03000020980835,6.739999771118164,6.75,7.010000228881836,156600.0,3.1831624507904053
2010-07-08,7.179999828338623,6.949999809265137,7.070000171661377,7.170000076293945,136900.0,3.2558162212371826
2010-07-09,7.420000076293945,7.090000152587891,7.139999866485596,7.400000095367432,109000.0,3.3602566719055176
2010-07-12,7.420000076293945,7.179999828338623,7.360000133514404,7.380000114440918,94900.0,3.3511760234832764
2010-07-13,7.670000076293945,7.46999979019165,7.46999979019165,7.630000114440918,195000.0,3.46469783782959
2010-07-14,7.639999866485596,7.429999828338623,7.570000171661377,7.570000171661377,190100.0,3.437453031539917
2010-07-15,7.570000171661377,7.309999942779541,7.5,7.510000228881836,135800.0,3.4102070331573486
2010-07-16,7.429999828338623,7.179999828338623,7.429999828338623,7.190000057220459,227700.0,3.264899253845215
2010-07-19,7.260000228881836,6.96999979019165,7.190000057220459,7.190000057220459,142900.0,3.264899253845215
2010-07-20,7.449999809265137,7.039999961853027,7.070000171661377,7.429999828338623,121700.0,3.3738794326782227
2010-07-21,7.559999942779541,7.170000076293945,7.510000228881836,7.260000228881836,179300.0,3.296684503555298
2010-07-22,7.639999866485596,7.239999771118164,7.369999885559082,7.619999885559082,975000.0,3.4601571559906006
2010-07-23,8.010000228881836,7.53000020980835,7.579999923706055,7.849999904632568,308500.0,3.564596652984619
2010-07-26,8.149999618530273,7.789999961853027,7.829999923706055,8.09000015258789,232100.0,3.673578977584839
2010-07-27,8.229999542236328,7.980000019073486,8.199999809265137,8.210000038146973,229100.0,3.728069305419922
2010-07-28,8.319999694824219,7.940000057220459,8.229999542236328,7.960000038146973,283700.0,3.614546775817871
2010-07-29,8.140000343322754,7.849999904632568,8.020000457763672,8.029999732971191,164200.0,3.6463325023651123
2010-07-30,8.140000343322754,7.900000095367432,7.900000095367432,8.100000381469727,144900.0,3.678119421005249
2010-08-02,8.34000015258789,8.130000114440918,8.220000267028809,8.149999618530273,170300.0,3.7008235454559326
2010-08-03,8.119999885559082,7.940000057220459,8.09000015258789,8.100000381469727,452200.0,3.678119421005249
2010-08-04,8.25,8.039999961853027,8.170000076293945,8.1899995803833,136600.0,3.718986988067627
2010-08-05,8.100000381469727,7.630000114440918,8.100000381469727,8.0,298200.0,3.6327102184295654
2010-08-06,8.119999885559082,7.789999961853027,7.860000133514404,8.020000457763672,192600.0,3.6417927742004395
2010-08-09,8.199999809265137,7.989999771118164,8.109999656677246,8.170000076293945,136300.0,3.709904909133911
2010-08-10,8.1899995803833,7.889999866485596,8.079999923706055,8.130000114440918,168400.0,3.691742420196533
2010-08-11,7.96999979019165,7.5,7.96999979019165,7.630000114440918,310200.0,3.46469783782959
2010-08-12,7.630000114440918,7.449999809265137,7.5,7.590000152587891,310400.0,3.4465343952178955
2010-08-13,7.769999980926514,7.53000020980835,7.559999942779541,7.550000190734863,231200.0,3.4283716678619385
2010-08-16,7.489999771118164,7.329999923706055,7.489999771118164,7.380000114440918,140600.0,3.3511760234832764
2010-08-17,7.539999961853027,7.349999904632568,7.449999809265137,7.429999828338623,168100.0,3.3738794326782227
2010-08-18,7.929999828338623,7.389999866485596,7.440000057220459,7.769999980926514,275000.0,3.5282702445983887
2010-08-19,7.75,7.489999771118164,7.739999771118164,7.53000020980835,221700.0,3.4192888736724854
2010-08-20,7.489999771118164,7.289999961853027,7.460000038146973,7.360000133514404,128300.0,3.342092752456665
2010-08-23,7.539999961853027,7.199999809265137,7.389999866485596,7.230000019073486,136900.0,3.283062219619751
2010-08-24,7.210000038146973,6.96999979019165,7.090000152587891,7.110000133514404,147800.0,3.2285709381103516
2010-08-25,7.199999809265137,6.960000038146973,7.03000020980835,7.179999828338623,143900.0,3.260356903076172
2010-08-26,7.340000152587891,7.079999923706055,7.210000038146973,7.099999904632568,107200.0,3.224030017852783
2010-08-27,7.239999771118164,7.0,7.170000076293945,7.230000019073486,292100.0,3.283062219619751
2010-08-30,7.230000019073486,7.079999923706055,7.21999979019165,7.090000152587891,160300.0,3.2194902896881104
2010-08-31,7.179999828338623,7.0,7.090000152587891,7.119999885559082,297500.0,3.233112335205078
2010-09-01,7.650000095367432,7.190000057220459,7.25,7.550000190734863,263600.0,3.4283716678619385
2010-09-02,7.690000057220459,7.369999885559082,7.489999771118164,7.639999866485596,128800.0,3.46923828125
2010-09-03,7.800000190734863,7.639999866485596,7.739999771118164,7.789999961853027,223100.0,3.5373523235321045
2010-09-07,8.0,7.650000095367432,7.760000228881836,7.760000228881836,312000.0,3.5237295627593994
2010-09-08,7.860000133514404,7.630000114440918,7.809999942779541,7.639999866485596,330200.0,3.46923828125
2010-09-09,7.78000020980835,7.550000190734863,7.78000020980835,7.670000076293945,434700.0,3.482861280441284
2010-09-10,8.039999961853027,7.739999771118164,7.739999771118164,7.849999904632568,273800.0,3.564596652984619
2010-09-13,8.25,7.889999866485596,7.909999847412109,8.210000038146973,394500.0,3.728069305419922
2010-09-14,8.25,8.0600004196167,8.210000038146973,8.170000076293945,232400.0,3.709904909133911
2010-09-15,8.119999885559082,7.809999942779541,8.119999885559082,7.900000095367432,194900.0,3.5873029232025146
2010-09-16,7.860000133514404,7.559999942779541,7.860000133514404,7.619999885559082,140300.0,3.4601571559906006
2010-09-17,7.809999942779541,7.510000228881836,7.710000038146973,7.71999979019165,400600.0,3.5055654048919678
2010-09-20,7.900000095367432,7.650000095367432,7.71999979019165,7.880000114440918,176500.0,3.578219175338745
2010-09-21,7.880000114440918,7.619999885559082,7.849999904632568,7.849999904632568,272800.0,3.564596652984619
2010-09-22,7.840000152587891,7.650000095367432,7.800000190734863,7.659999847412109,279100.0,3.478320360183716
2010-09-23,7.690000057220459,7.460000038146973,7.599999904632568,7.5,168000.0,3.4056668281555176
2010-09-24,7.840000152587891,7.590000152587891,7.630000114440918,7.840000152587891,107200.0,3.560056209564209
2010-09-27,7.920000076293945,7.75,7.840000152587891,7.880000114440918,106400.0,3.578219175338745
2010-09-28,8.100000381469727,7.71999979019165,7.909999847412109,8.050000190734863,140700.0,3.6554150581359863
2010-09-29,8.149999618530273,7.96999979019165,8.0,8.100000381469727,177700.0,3.678119421005249
2010-09-30,8.300000190734863,8.069999694824219,8.149999618530273,8.25,218800.0,3.746232271194458
2010-10-01,8.300000190734863,8.069999694824219,8.210000038146973,8.1899995803833,264300.0,3.718986988067627
2010-10-04,8.180000305175781,7.889999866485596,8.180000305175781,8.0,229700.0,3.6327102184295654
2010-10-05,8.430000305175781,8.069999694824219,8.109999656677246,8.390000343322754,178900.0,3.8098058700561523
2010-10-06,8.5,8.359999656677246,8.359999656677246,8.5,239000.0,3.859755516052246
2010-10-07,8.59000015258789,8.399999618530273,8.529999732971191,8.529999732971191,269900.0,3.8733773231506348
2010-10-08,8.899999618530273,8.539999961853027,8.539999961853027,8.829999923706055,373300.0,4.009604454040527
2010-10-11,8.989999771118164,8.710000038146973,8.869999885559082,8.920000076293945,148200.0,4.050472736358643
2010-10-12,8.970000267028809,8.609999656677246,8.859999656677246,8.949999809265137,126000.0,4.064094066619873
2010-10-13,9.760000228881836,8.9399995803833,8.960000038146973,9.630000114440918,477200.0,4.372874736785889
2010-10-14,9.729999542236328,9.420000076293945,9.630000114440918,9.4399995803833,358100.0,4.286598205566406
2010-10-15,9.609999656677246,9.300000190734863,9.539999961853027,9.399999618530273,259600.0,4.268434524536133
2010-10-18,9.609999656677246,9.239999771118164,9.359999656677246,9.539999961853027,170900.0,4.332006931304932
2010-10-19,9.470000267028809,9.029999732971191,9.380000114440918,9.149999618530273,252500.0,4.154912948608398
2010-10-20,9.470000267028809,9.149999618530273,9.1899995803833,9.319999694824219,412700.0,4.232107639312744
2010-10-21,9.520000457763672,9.170000076293945,9.390000343322754,9.170000076293945,449900.0,4.163994789123535
2010-10-22,9.300000190734863,9.100000381469727,9.149999618530273,9.260000228881836,135100.0,4.204862117767334
2010-10-25,9.880000114440918,9.380000114440918,9.430000305175781,9.640000343322754,350200.0,4.377417087554932
2010-10-26,9.75,9.4399995803833,9.550000190734863,9.699999809265137,303800.0,4.404661178588867
2010-10-27,9.680000305175781,9.260000228881836,9.600000381469727,9.460000038146973,192300.0,4.295680046081543
2010-10-28,9.630000114440918,9.399999618530273,9.5600004196167,9.4399995803833,109700.0,4.286598205566406
2010-10-29,9.529999732971191,9.3100004196167,9.369999885559082,9.520000457763672,239100.0,4.322925090789795
2010-11-01,9.819999694824219,9.420000076293945,9.539999961853027,9.520000457763672,257500.0,4.322925090789795
2010-11-02,11.140000343322754,10.119999885559082,10.140000343322754,10.600000381469727,1604300.0,4.813342094421387
2010-11-03,10.920000076293945,10.550000190734863,10.649999618530273,10.899999618530273,565100.0,4.949569225311279
2010-11-04,11.920000076293945,10.979999542236328,11.260000228881836,11.75,661600.0,5.335544109344482
2010-11-05,11.819999694824219,11.5,11.75,11.720000267028809,456100.0,5.321922302246094
2010-11-08,11.770000457763672,11.600000381469727,11.699999809265137,11.670000076293945,347900.0,5.299217224121094
2010-11-09,11.739999771118164,11.489999771118164,11.699999809265137,11.579999923706055,383500.0,5.258347034454346
2010-11-10,11.649999618530273,11.239999771118164,11.630000114440918,11.550000190734863,381600.0,5.244725227355957
2010-11-11,11.520000457763672,11.319999694824219,11.369999885559082,11.319999694824219,312200.0,5.140285968780518
2010-11-12,11.399999618530273,10.859999656677246,11.1899995803833,10.979999542236328,350900.0,4.98589563369751
2010-11-15,11.460000038146973,11.010000228881836,11.079999923706055,11.229999542236328,222500.0,5.099417209625244
2010-11-16,11.229999542236328,10.800000190734863,11.140000343322754,11.029999732971191,382000.0,5.008599281311035
2010-11-17,11.140000343322754,9.8100004196167,10.289999961853027,11.050000190734863,1590200.0,5.01768159866333
2010-11-18,11.710000038146973,10.949999809265137,11.020000457763672,11.489999771118164,2119900.0,5.217480182647705
2010-11-19,11.369999885559082,10.5,10.670000076293945,11.300000190734863,11196900.0,5.1312031745910645
2010-11-22,11.520000457763672,11.15999984741211,11.199999809265137,11.399999618530273,1273900.0,5.176612377166748
2010-11-23,11.550000190734863,11.149999618530273,11.199999809265137,11.5,944900.0,5.222020149230957
2010-11-24,11.819999694824219,11.460000038146973,11.600000381469727,11.5,1098400.0,5.222020149230957
2010-11-26,12.029999732971191,11.350000381469727,11.399999618530273,11.899999618530273,540300.0,5.403656482696533
2010-11-29,12.0600004196167,11.75,11.770000457763672,12.029999732971191,922800.0,5.462688446044922
2010-11-30,12.0600004196167,11.5600004196167,11.800000190734863,12.029999732971191,992100.0,5.462688446044922
2010-12-01,12.460000038146973,11.819999694824219,12.3100004196167,12.109999656677246,878900.0,5.499015808105469
2010-12-02,12.539999961853027,12.3100004196167,12.350000381469727,12.430000305175781,913400.0,5.644323825836182
2010-12-03,12.65999984741211,12.380000114440918,12.380000114440918,12.579999923706055,446600.0,5.712435245513916
2010-12-06,12.9399995803833,12.579999923706055,12.600000381469727,12.739999771118164,714400.0,5.785091876983643
2010-12-07,13.229999542236328,12.800000190734863,12.949999809265137,12.890000343322754,1017400.0,5.853205680847168
2010-12-08,13.09000015258789,12.8100004196167,12.970000267028809,12.949999809265137,612900.0,5.880451679229736
2010-12-09,13.229999542236328,12.890000343322754,13.079999923706055,12.979999542236328,441900.0,5.894074440002441
2010-12-10,13.4399995803833,12.979999542236328,13.0,13.399999618530273,638900.0,6.084790229797363
2010-12-13,14.109999656677246,13.319999694824219,13.4399995803833,13.460000038146973,1119800.0,6.112034797668457
2010-12-14,13.550000190734863,13.1899995803833,13.460000038146973,13.34000015258789,1051100.0,6.057544708251953
2010-12-15,13.569999694824219,13.119999885559082,13.279999732971191,13.180000305175781,477100.0,5.984890460968018
2010-12-16,13.40999984741211,12.970000267028809,13.1899995803833,13.300000190734863,459800.0,6.0393829345703125
2010-12-17,13.489999771118164,13.069999694824219,13.199999809265137,13.489999771118164,728200.0,6.1256585121154785
2010-12-20,14.140000343322754,13.460000038146973,13.460000038146973,13.989999771118164,632700.0,6.352703094482422
2010-12-21,14.760000228881836,14.050000190734863,14.069999694824219,14.670000076293945,944000.0,6.661481857299805
2010-12-22,15.170000076293945,14.630000114440918,14.680000305175781,14.90999984741211,722200.0,6.770465850830078
2010-12-23,14.979999542236328,14.680000305175781,14.930000305175781,14.720000267028809,293800.0,6.68418550491333
2010-12-27,14.710000038146973,14.369999885559082,14.609999656677246,14.670000076293945,224600.0,6.661481857299805
2010-12-28,14.670000076293945,14.479999542236328,14.670000076293945,14.550000190734863,283400.0,6.606991291046143
2010-12-29,15.319999694824219,14.619999885559082,14.649999618530273,15.25,360500.0,6.924853801727295
2010-12-30,15.279999732971191,15.069999694824219,15.270000457763672,15.069999694824219,201200.0,6.843119144439697
2010-12-31,15.350000381469727,14.90999984741211,15.0600004196167,15.180000305175781,256600.0,6.893068790435791
2011-01-03,15.579999923706055,14.899999618530273,15.40999984741211,15.510000228881836,805400.0,7.042918682098389
2011-01-04,15.5,14.550000190734863,15.5,14.649999618530273,866000.0,6.652400493621826
2011-01-05,15.279999732971191,14.59000015258789,14.9399995803833,15.229999542236328,846200.0,6.915772438049316
2011-01-06,15.420000076293945,14.859999656677246,15.180000305175781,15.0,576200.0,6.811333656311035
2011-01-07,15.1899995803833,14.760000228881836,15.109999656677246,14.9399995803833,666300.0,6.784087181091309
2011-01-10,15.430000305175781,14.930000305175781,15.239999771118164,15.039999961853027,1018500.0,6.829494476318359
2011-01-11,15.699999809265137,15.100000381469727,15.15999984741211,15.470000267028809,795200.0,7.024755001068115
2011-01-12,15.8100004196167,15.5,15.710000038146973,15.739999771118164,551300.0,7.1473588943481445
2011-01-13,16.0,15.609999656677246,15.710000038146973,15.90999984741211,670900.0,7.224553108215332
2011-01-14,16.010000228881836,15.350000381469727,15.670000076293945,15.890000343322754,968500.0,7.21547269821167
2011-01-18,16.25,15.770000457763672,15.850000381469727,16.25,669000.0,7.378944396972656
2011-01-19,16.270000457763672,15.5,16.18000030517578,15.699999809265137,650000.0,7.129193305969238
2011-01-20,16.079999923706055,15.300000190734863,15.899999618530273,15.770000457763672,1210000.0,7.160980701446533
2011-01-21,16.270000457763672,15.699999809265137,15.760000228881836,15.989999771118164,635900.0,7.260881423950195
2011-01-24,16.290000915527344,15.84000015258789,16.09000015258789,16.209999084472656,650200.0,7.360778331756592
2011-01-25,16.149999618530273,15.880000114440918,16.1299991607666,16.06999969482422,628400.0,7.297207355499268
2011-01-26,16.719999313354492,16.079999923706055,16.149999618530273,16.420000076293945,699100.0,7.456138610839844
2011-01-27,17.030000686645508,16.440000534057617,16.5,16.75,1020700.0,7.605987548828125
2011-01-28,16.889999389648438,16.34000015258789,16.700000762939453,16.56999969482422,1195000.0,7.524251937866211
2011-01-31,17.469999313354492,16.729999542236328,16.739999771118164,17.31999969482422,1269900.0,7.864819526672363
2011-02-01,17.920000076293945,17.43000030517578,17.65999984741211,17.75,990100.0,8.060077667236328
2011-02-02,17.90999984741211,16.920000076293945,16.989999771118164,17.399999618530273,2407200.0,7.90114688873291
2011-02-03,17.239999771118164,16.3700008392334,17.139999389648438,17.049999237060547,16356200.0,7.742212772369385
2011-02-04,17.799999237060547,17.030000686645508,17.100000381469727,17.639999389648438,3308400.0,8.010128021240234
2011-02-07,18.510000228881836,17.940000534057617,17.940000534057617,18.420000076293945,3622800.0,8.3643159866333
2011-02-08,18.8700008392334,18.209999084472656,18.440000534057617,18.81999969482422,2584300.0,8.545951843261719
2011-02-09,19.020000457763672,18.549999237060547,18.780000686645508,18.770000457763672,2193600.0,8.523245811462402
2011-02-10,19.040000915527344,18.040000915527344,18.440000534057617,18.84000015258789,1582200.0,8.555033683776855
2011-02-11,19.350000381469727,18.780000686645508,18.809999465942383,19.350000381469727,2351500.0,8.786617279052734
2011-02-14,20.360000610351562,19.3799991607666,19.40999984741211,20.290000915527344,2212400.0,9.213464736938477
2011-02-15,20.489999771118164,19.860000610351562,20.43000030517578,20.190000534057617,2114000.0,9.16805362701416
2011-02-16,21.110000610351562,20.34000015258789,20.3799991607666,20.989999771118164,3228500.0,9.531323432922363
2011-02-17,21.68000030517578,21.010000228881836,21.020000457763672,21.299999237060547,2554000.0,9.672094345092773
2011-02-18,21.299999237060547,20.18000030517578,21.200000762939453,20.40999984741211,2236100.0,9.267951965332031
2011-02-22,20.350000381469727,18.8700008392334,20.350000381469727,19.440000534057617,2789000.0,8.82748794555664
2011-02-23,19.809999465942383,18.670000076293945,19.43000030517578,19.09000015258789,2009600.0,8.66855525970459
2011-02-24,19.079999923706055,17.450000762939453,19.079999923706055,17.989999771118164,4858200.0,8.169058799743652
2011-02-25,18.940000534057617,18.010000228881836,18.209999084472656,18.81999969482422,3297000.0,8.545951843261719
2011-02-28,19.290000915527344,18.399999618530273,19.290000915527344,18.899999618530273,1596100.0,8.582279205322266
2011-03-01,19.200000762939453,17.920000076293945,18.850000381469727,18.1299991607666,2391000.0,8.23263168334961
2011-03-02,19.040000915527344,17.56999969482422,18.139999389648438,18.829999923706055,3202900.0,8.550493240356445
2011-03-03,21.420000076293945,18.459999084472656,18.459999084472656,20.420000076293945,5443900.0,9.27249526977539
2011-03-04,21.559999465942383,20.479999542236328,20.5,20.639999389648438,4295300.0,9.372390747070312
2011-03-07,20.90999984741211,19.5,20.809999465942383,20.010000228881836,2211700.0,9.086318969726562
2011-03-08,20.450000762939453,19.299999237060547,20.450000762939453,19.299999237060547,3227700.0,8.763912200927734
2011-03-09,19.860000610351562,19.200000762939453,19.229999542236328,19.610000610351562,2556100.0,8.904684066772461
2011-03-10,19.280000686645508,18.200000762939453,19.270000457763672,18.43000030517578,3298800.0,8.368856430053711
2011-03-11,20.469999313354492,18.299999237060547,18.31999969482422,20.170000076293945,2896500.0,9.158971786499023
2011-03-14,20.670000076293945,19.459999084472656,19.93000030517578,20.139999389648438,2062400.0,9.145347595214844
2011-03-15,19.84000015258789,18.809999465942383,19.0,19.420000076293945,3060200.0,8.818405151367188
2011-03-16,19.899999618530273,18.6299991607666,19.420000076293945,18.950000762939453,2260800.0,8.604981422424316
2011-03-17,19.709999084472656,19.09000015258789,19.5,19.520000457763672,1381400.0,8.863816261291504
2011-03-18,20.209999084472656,19.229999542236328,20.100000381469727,19.290000915527344,3784600.0,8.75937271118164
2011-03-21,20.959999084472656,19.59000015258789,19.770000457763672,20.760000228881836,2028000.0,9.426883697509766
2011-03-22,21.059999465942383,20.309999465942383,20.799999237060547,20.6200008392334,1445200.0,9.363312721252441
2011-03-23,21.0,20.170000076293945,20.600000381469727,20.639999389648438,1666800.0,9.372390747070312
2011-03-24,21.31999969482422,20.34000015258789,20.81999969482422,21.18000030517578,2089300.0,9.617599487304688
2011-03-25,22.350000381469727,21.139999389648438,21.260000228881836,22.15999984741211,2192600.0,10.062607765197754
2011-03-28,22.68000030517578,22.010000228881836,22.280000686645508,22.18000030517578,1530000.0,10.071691513061523
2011-03-29,22.299999237060547,21.5,22.18000030517578,22.18000030517578,1483600.0,10.071691513061523
2011-03-30,22.989999771118164,22.3700008392334,22.610000610351562,22.850000381469727,1453500.0,10.375926971435547
2011-03-31,23.18000030517578,22.610000610351562,22.989999771118164,23.15999984741211,1543600.0,10.516694068908691
2011-04-01,24.030000686645508,23.299999237060547,23.350000381469727,23.690000534057617,1979800.0,10.757368087768555
2011-04-04,23.90999984741211,23.350000381469727,23.8799991607666,23.600000381469727,1113800.0,10.716493606567383
2011-04-05,24.030000686645508,23.3799991607666,23.59000015258789,23.780000686645508,1091700.0,10.798230171203613
2011-04-06,24.3799991607666,23.6200008392334,24.020000457763672,23.979999542236328,1984500.0,10.889049530029297
2011-04-07,24.010000228881836,23.030000686645508,23.93000030517578,23.40999984741211,1441000.0,10.630218505859375
2011-04-08,23.920000076293945,22.600000381469727,23.549999237060547,22.989999771118164,2423100.0,10.439502716064453
2011-04-11,23.040000915527344,22.06999969482422,22.979999542236328,22.1200008392334,1612100.0,10.044443130493164
2011-04-12,21.93000030517578,20.510000228881836,21.690000534057617,21.09000015258789,2733300.0,9.576732635498047
2011-04-13,22.360000610351562,21.1299991607666,21.219999313354492,22.329999923706055,1989200.0,10.139802932739258
2011-04-14,22.59000015258789,21.93000030517578,22.15999984741211,22.479999542236328,1177200.0,10.207918167114258
2011-04-15,23.549999237060547,22.649999618530273,22.770000457763672,23.540000915527344,2812800.0,10.689249038696289
2011-04-18,23.25,22.489999771118164,23.049999237060547,23.010000228881836,1721400.0,10.448583602905273
2011-04-19,23.18000030517578,22.030000686645508,23.049999237060547,22.84000015258789,2495300.0,10.371391296386719
2011-04-20,23.709999084472656,23.100000381469727,23.540000915527344,23.260000228881836,1514200.0,10.562108039855957
2011-04-21,23.59000015258789,22.959999084472656,23.530000686645508,23.06999969482422,1118100.0,10.475831031799316
2011-04-25,23.520000457763672,22.889999389648438,23.18000030517578,23.200000762939453,1311400.0,10.534857749938965
2011-04-26,23.25,21.739999771118164,23.25,21.90999984741211,2700000.0,9.949085235595703
2011-04-27,22.059999465942383,20.8799991607666,22.010000228881836,21.8700008392334,2545900.0,9.93092155456543
2011-04-28,22.450000762939453,21.59000015258789,21.75,22.149999618530273,1551800.0,10.058069229125977
2011-04-29,22.31999969482422,21.940000534057617,22.1200008392334,22.229999542236328,969000.0,10.094393730163574
2011-05-02,22.399999618530273,21.079999923706055,22.399999618530273,21.18000030517578,1525000.0,9.617599487304688
2011-05-03,21.09000015258789,19.600000381469727,21.030000686645508,19.739999771118164,3478800.0,8.963711738586426
2011-05-04,19.790000915527344,19.0,19.709999084472656,19.540000915527344,2222400.0,8.872895240783691
2011-05-05,20.06999969482422,18.889999389648438,19.239999771118164,19.3700008392334,2193400.0,8.795700073242188
2011-05-06,20.639999389648438,19.56999969482422,19.829999923706055,19.799999237060547,2140800.0,8.990957260131836
2011-05-09,20.8700008392334,19.450000762939453,19.690000534057617,20.850000381469727,2379200.0,9.467750549316406
2011-05-10,22.0,20.600000381469727,20.600000381469727,20.8799991607666,3273600.0,9.481374740600586
2011-05-11,20.760000228881836,19.780000686645508,20.719999313354492,19.979999542236328,1952100.0,9.072693824768066
2011-05-12,19.829999923706055,18.969999313354492,19.829999923706055,19.479999542236328,3580900.0,8.845649719238281
2011-05-13,20.0,19.100000381469727,19.549999237060547,19.270000457763672,1714000.0,8.750292778015137
2011-05-16,19.399999618530273,18.530000686645508,19.1299991607666,18.600000381469727,2439500.0,8.446051597595215
2011-05-17,19.1200008392334,18.299999237060547,18.440000534057617,18.389999389648438,2779100.0,8.350693702697754
2011-05-18,20.260000228881836,18.649999618530273,18.649999618530273,19.969999313354492,3020100.0,9.068153381347656
2011-05-19,20.299999237060547,19.670000076293945,20.229999542236328,20.170000076293945,1783800.0,9.158971786499023
2011-05-20,20.270000457763672,19.729999542236328,20.06999969482422,20.1200008392334,1350700.0,9.136270523071289
2011-05-23,19.799999237060547,19.139999389648438,19.59000015258789,19.760000228881836,1515100.0,8.972793579101562
2011-05-24,20.420000076293945,19.6299991607666,20.34000015258789,20.0,4723800.0,9.081774711608887
2011-05-25,20.84000015258789,19.649999618530273,19.889999389648438,20.530000686645508,2512000.0,9.322443962097168
2011-05-26,21.079999923706055,20.309999465942383,20.5,20.979999542236328,2300900.0,9.52678394317627
2011-05-27,21.690000534057617,21.040000915527344,21.059999465942383,21.579999923706055,2021500.0,9.799236297607422
2011-05-31,22.010000228881836,21.610000610351562,21.969999313354492,21.860000610351562,1855500.0,9.926383972167969
2011-06-01,22.079999923706055,20.889999389648438,21.84000015258789,20.889999389648438,2315000.0,9.485913276672363
2011-06-02,21.389999389648438,20.1200008392334,20.969999313354492,20.68000030517578,2445000.0,9.390557289123535
2011-06-03,21.829999923706055,20.049999237060547,20.200000762939453,21.299999237060547,2625800.0,9.672094345092773
2011-06-06,21.3700008392334,20.030000686645508,21.31999969482422,20.06999969482422,1925200.0,9.11356258392334
2011-06-07,21.1299991607666,20.229999542236328,20.25,20.920000076293945,2210300.0,9.49953842163086
2011-06-08,21.149999618530273,20.510000228881836,20.940000534057617,20.68000030517578,1725600.0,9.390557289123535
2011-06-09,21.43000030517578,20.68000030517578,20.760000228881836,21.030000686645508,1796400.0,9.54948902130127
2011-06-10,21.030000686645508,20.31999969482422,20.690000534057617,20.93000030517578,2381400.0,9.504079818725586
2011-06-13,21.989999771118164,20.799999237060547,20.989999771118164,21.459999084472656,4072600.0,9.744747161865234
2011-06-14,23.110000610351562,21.950000762939453,22.0,22.739999771118164,4371600.0,10.325979232788086
2011-06-15,23.360000610351562,22.079999923706055,22.290000915527344,22.31999969482422,3984400.0,10.135262489318848
2011-06-16,22.75,21.979999542236328,22.290000915527344,22.579999923706055,3600500.0,10.253326416015625
2011-06-17,23.040000915527344,21.8799991607666,22.770000457763672,22.3700008392334,3612200.0,10.157966613769531
2011-06-20,22.579999923706055,21.93000030517578,22.299999237060547,22.56999969482422,1726700.0,10.248785972595215
2011-06-21,23.739999771118164,22.809999465942383,22.81999969482422,23.299999237060547,2699100.0,10.580269813537598
2011-06-22,24.889999389648438,23.520000457763672,23.520000457763672,24.139999389648438,4751400.0,10.961706161499023
2011-06-23,24.40999984741211,22.809999465942383,23.559999465942383,24.329999923706055,2630300.0,11.047980308532715
2011-06-24,24.639999389648438,22.1200008392334,24.600000381469727,22.790000915527344,11934100.0,10.34868335723877
2011-06-27,23.219999313354492,22.5,22.690000534057617,22.90999984741211,2042500.0,10.40317440032959
2011-06-28,24.1299991607666,22.940000534057617,23.0,23.829999923706055,2013500.0,10.82093334197998
2011-06-29,24.760000228881836,23.31999969482422,24.010000228881836,24.1200008392334,1925700.0,10.952621459960938
2011-06-30,25.030000686645508,24.389999389648438,24.40999984741211,24.6200008392334,1733600.0,11.179668426513672
2011-07-01,25.219999313354492,24.09000015258789,24.610000610351562,25.079999923706055,1625400.0,11.388548851013184
2011-07-05,25.860000610351562,25.079999923706055,25.260000228881836,25.420000076293945,1481000.0,11.542938232421875
2011-07-06,25.639999389648438,24.989999771118164,25.270000457763672,25.450000762939453,1485900.0,11.556561470031738
2011-07-07,27.040000915527344,25.829999923706055,25.93000030517578,26.489999771118164,2480200.0,12.028809547424316
2011-07-08,26.809999465942383,25.549999237060547,25.8799991607666,26.65999984741211,1615600.0,12.106009483337402
2011-07-11,26.450000762939453,25.219999313354492,26.100000381469727,25.690000534057617,1750300.0,11.665539741516113
2011-07-12,26.190000534057617,25.25,25.43000030517578,25.600000381469727,1076400.0,11.624672889709473
2011-07-13,26.5,25.600000381469727,25.8700008392334,25.969999313354492,1699700.0,11.792683601379395
2011-07-14,26.450000762939453,25.0,26.219999313354492,25.530000686645508,1631300.0,11.592886924743652
2011-07-15,26.420000076293945,25.690000534057617,25.690000534057617,26.239999771118164,1649400.0,11.915290832519531
2011-07-18,26.290000915527344,25.459999084472656,26.229999542236328,25.639999389648438,1253800.0,11.64283561706543
2011-07-19,26.84000015258789,26.010000228881836,26.040000915527344,26.450000762939453,1817900.0,12.010648727416992
2011-07-20,27.0,26.239999771118164,26.6200008392334,26.579999923706055,1028500.0,12.069680213928223
2011-07-21,27.389999389648438,26.729999542236328,26.809999465942383,27.200000762939453,2761500.0,12.351213455200195
2011-07-22,27.489999771118164,27.010000228881836,27.200000762939453,27.350000381469727,949900.0,12.419328689575195
2011-07-25,28.010000228881836,27.09000015258789,27.09000015258789,27.479999542236328,2244600.0,12.478358268737793
2011-07-26,27.959999084472656,27.200000762939453,27.399999618530273,27.479999542236328,1096500.0,12.478358268737793
2011-07-27,27.43000030517578,26.110000610351562,27.200000762939453,26.299999237060547,1424700.0,11.942534446716309
2011-07-28,26.760000228881836,25.959999084472656,26.420000076293945,25.959999084472656,758000.0,11.788148880004883
2011-07-29,27.0,25.040000915527344,25.56999969482422,26.850000381469727,1419000.0,12.192285537719727
2011-08-01,28.360000610351562,26.65999984741211,28.329999923706055,27.510000228881836,1636900.0,12.491982460021973
2011-08-02,28.059999465942383,26.1299991607666,27.260000228881836,26.170000076293945,2118100.0,11.883505821228027
2011-08-03,26.440000534057617,24.43000030517578,26.239999771118164,25.6200008392334,2591000.0,11.63375473022461
2011-08-04,26.440000534057617,23.559999465942383,26.440000534057617,23.56999969482422,4619700.0,10.702876091003418
2011-08-05,24.149999618530273,21.93000030517578,24.0,22.950000762939453,4855600.0,10.421339988708496
2011-08-08,22.030000686645508,19.200000762939453,21.739999771118164,20.139999389648438,4209500.0,9.145347595214844
2011-08-09,22.440000534057617,20.139999389648438,20.829999923706055,22.43000030517578,4253100.0,10.185212135314941
2011-08-10,24.18000030517578,21.280000686645508,21.510000228881836,22.579999923706055,3234300.0,10.253326416015625
2011-08-11,25.969999313354492,22.809999465942383,22.809999465942383,25.5,4213600.0,11.579266548156738
2011-08-12,26.360000610351562,25.280000686645508,26.059999465942383,25.530000686645508,2183900.0,11.592886924743652
2011-08-15,26.719999313354492,25.639999389648438,25.950000762939453,25.950000762939453,2874700.0,11.783602714538574
2011-08-16,25.739999771118164,24.469999313354492,25.489999771118164,24.950000762939453,1940500.0,11.32951545715332
2011-08-17,25.969999313354492,24.93000030517578,25.270000457763672,25.3700008392334,1887500.0,11.520231246948242
2011-08-18,24.959999084472656,23.25,24.510000228881836,24.31999969482422,3796800.0,11.043438911437988
2011-08-19,25.889999389648438,23.81999969482422,23.8700008392334,24.459999084472656,3407400.0,11.107012748718262
2011-08-22,25.149999618530273,22.940000534057617,24.989999771118164,23.040000915527344,4412000.0,10.462203979492188
2011-08-23,24.889999389648438,22.809999465942383,23.18000030517578,24.8700008392334,3050800.0,11.293185234069824
2011-08-24,25.799999237060547,24.350000381469727,24.81999969482422,25.549999237060547,2021000.0,11.601969718933105
2011-08-25,26.25,24.889999389648438,26.0,25.6200008392334,2164600.0,11.63375473022461
2011-08-26,27.280000686645508,25.1299991607666,25.34000015258789,27.100000381469727,2819600.0,12.305808067321777
2011-08-29,28.68000030517578,27.3799991607666,27.59000015258789,28.1299991607666,2746800.0,12.773519515991211
2011-08-30,28.850000381469727,27.649999618530273,27.979999542236328,28.489999771118164,2881300.0,12.936989784240723
2011-08-31,29.0,27.940000534057617,28.940000534057617,28.469999313354492,2177900.0,12.927911758422852
2011-09-01,28.6299991607666,27.020000457763672,28.40999984741211,27.170000076293945,2721400.0,12.337594032287598
2011-09-02,27.239999771118164,25.610000610351562,26.239999771118164,26.34000015258789,1734700.0,11.960699081420898
2011-09-06,27.440000534057617,25.329999923706055,25.34000015258789,27.31999969482422,2424400.0,12.405705451965332
2011-09-07,28.969999313354492,27.75,27.75,28.770000457763672,2267200.0,13.064139366149902
2011-09-08,29.610000610351562,28.3799991607666,28.59000015258789,28.8799991607666,2476100.0,13.114083290100098
2011-09-09,28.670000076293945,27.25,28.3799991607666,27.649999618530273,1998600.0,12.555551528930664
2011-09-12,27.989999771118164,26.799999237060547,27.030000686645508,27.709999084472656,1733700.0,12.58280086517334
2011-09-13,28.010000228881836,25.389999389648438,27.719999313354492,25.84000015258789,4223600.0,11.73365592956543
2011-09-14,26.190000534057617,24.489999771118164,26.170000076293945,25.100000381469727,4360100.0,11.397631645202637
2011-09-15,26.829999923706055,25.260000228881836,25.600000381469727,25.93000030517578,2194600.0,11.77452278137207
2011-09-16,26.6299991607666,25.56999969482422,26.049999237060547,26.559999465942383,3046500.0,12.060602188110352
2011-09-19,26.649999618530273,25.06999969482422,25.8700008392334,26.190000534057617,2189200.0,11.892585754394531
2011-09-20,27.09000015258789,25.229999542236328,26.399999618530273,25.3799991607666,1559300.0,11.524770736694336
2011-09-21,25.8700008392334,23.790000915527344,25.299999237060547,23.899999618530273,2381000.0,10.852723121643066
2011-09-22,23.639999389648438,21.799999237060547,22.889999389648438,22.600000381469727,4535000.0,10.262406349182129
2011-09-23,23.209999084472656,21.889999389648438,22.469999313354492,22.59000015258789,2879500.0,10.257867813110352
2011-09-26,23.969999313354492,22.290000915527344,22.860000610351562,23.850000381469727,2848600.0,10.830018997192383
2011-09-27,25.200000762939453,23.84000015258789,24.3799991607666,24.1299991607666,2275000.0,10.95716381072998
2011-09-28,24.360000610351562,22.780000686645508,24.209999084472656,22.809999465942383,1469700.0,10.357762336730957
2011-09-29,23.59000015258789,20.020000457763672,23.3799991607666,21.610000610351562,5044700.0,9.812861442565918
2011-09-30,21.690000534057617,20.639999389648438,21.170000076293945,21.139999389648438,2593000.0,9.599435806274414
2011-10-03,20.920000076293945,19.670000076293945,20.760000228881836,19.690000534057617,4061900.0,8.941010475158691
2011-10-04,20.559999465942383,18.399999618530273,19.270000457763672,20.459999084472656,5000000.0,9.290657043457031
2011-10-05,21.8700008392334,19.770000457763672,20.549999237060547,21.450000762939453,3517000.0,9.740205764770508
2011-10-06,23.0,20.8799991607666,21.549999237060547,22.959999084472656,3119100.0,10.425878524780273
2011-10-07,23.5,22.200000762939453,23.459999084472656,22.610000610351562,2546000.0,10.266949653625488
2011-10-10,24.389999389648438,23.270000457763672,23.270000457763672,24.219999313354492,1916200.0,10.998031616210938
2011-10-11,25.40999984741211,23.809999465942383,24.030000686645508,25.260000228881836,2735800.0,11.470284461975098
2011-10-12,25.75,24.719999313354492,25.610000610351562,24.81999969482422,2371800.0,11.270482063293457
2011-10-13,25.850000381469727,24.139999389648438,24.530000686645508,25.479999542236328,1771400.0,11.570183753967285
2011-10-14,27.110000610351562,25.790000915527344,25.850000381469727,27.010000228881836,3372900.0,12.264941215515137
2011-10-17,27.219999313354492,26.360000610351562,26.68000030517578,26.6299991607666,2796400.0,12.092384338378906
2011-10-18,27.790000915527344,25.959999084472656,26.700000762939453,27.469999313354492,3450600.0,12.473820686340332
2011-10-19,27.950000762939453,25.6200008392334,27.360000610351562,26.0,3379900.0,11.80631160736084
2011-10-20,26.690000534057617,24.959999084472656,26.059999465942383,26.270000457763672,1928300.0,11.928915977478027
2011-10-21,27.350000381469727,25.5,27.350000381469727,26.350000381469727,1828100.0,11.965241432189941
2011-10-24,27.0,25.309999465942383,26.639999389648438,25.579999923706055,2831700.0,11.615592002868652
2011-10-25,24.950000762939453,23.149999618530273,24.950000762939453,23.200000762939453,4345600.0,10.534857749938965
2011-10-26,24.600000381469727,23.18000030517578,23.860000610351562,24.389999389648438,2408500.0,11.075225830078125
2011-10-27,25.899999618530273,24.940000534057617,25.459999084472656,25.459999084472656,2082100.0,11.561100959777832
2011-10-28,26.09000015258789,25.0,25.290000915527344,25.75,1474900.0,11.69278621673584
2011-10-31,25.440000534057617,24.459999084472656,25.440000534057617,24.760000228881836,1429000.0,11.243239402770996
2011-11-01,24.940000534057617,23.049999237060547,23.139999389648438,24.34000015258789,3086200.0,11.052522659301758
2011-11-02,25.65999984741211,24.719999313354492,24.989999771118164,25.469999313354492,2260300.0,11.565642356872559
2011-11-03,26.700000762939453,24.979999542236328,25.360000610351562,26.290000915527344,3961800.0,11.937996864318848
2011-11-04,27.209999084472656,26.100000381469727,26.18000030517578,26.489999771118164,2029500.0,12.028809547424316
2011-11-07,27.040000915527344,25.31999969482422,26.309999465942383,25.93000030517578,2418000.0,11.77452278137207
2011-11-08,26.030000686645508,25.360000610351562,26.030000686645508,25.75,2139500.0,11.69278621673584
2011-11-09,24.84000015258789,23.520000457763672,24.760000228881836,23.770000457763672,3338900.0,10.793692588806152
2011-11-10,24.540000915527344,22.34000015258789,24.389999389648438,23.079999923706055,5030400.0,10.480369567871094
2011-11-11,24.09000015258789,22.5,23.530000686645508,22.790000915527344,3697600.0,10.34868335723877
2011-11-14,23.059999465942383,22.0,22.75,22.350000381469727,2489700.0,10.148884773254395
2011-11-15,22.440000534057617,21.760000228881836,21.760000228881836,21.950000762939453,3242600.0,9.96724796295166
2011-11-16,20.3799991607666,18.260000228881836,20.290000915527344,18.3799991607666,13599600.0,8.346149444580078
2011-11-17,18.93000030517578,17.200000762939453,18.850000381469727,17.530000686645508,7325600.0,7.960177421569824
2011-11-18,18.1200008392334,17.399999618530273,17.649999618530273,17.950000762939453,5253000.0,8.150894165039062
2011-11-21,18.350000381469727,17.3700008392334,17.459999084472656,17.75,3797000.0,8.060077667236328
2011-11-22,17.920000076293945,17.049999237060547,17.770000457763672,17.149999618530273,4414900.0,7.787624359130859
2011-11-23,17.260000228881836,16.6200008392334,16.899999618530273,17.079999923706055,3750900.0,7.755838394165039
2011-11-25,17.450000762939453,16.860000610351562,16.959999084472656,17.0,1094900.0,7.719511032104492
2011-11-28,18.0,17.34000015258789,17.68000030517578,17.559999465942383,1933600.0,7.973801612854004
2011-11-29,17.979999542236328,17.18000030517578,17.549999237060547,17.860000610351562,2391100.0,8.110029220581055
2011-11-30,18.6200008392334,17.75,18.489999771118164,18.200000762939453,2469000.0,8.264418601989746
2011-12-01,18.399999618530273,17.829999923706055,18.079999923706055,18.059999465942383,2113200.0,8.200844764709473
2011-12-02,18.940000534057617,18.100000381469727,18.34000015258789,18.600000381469727,2538600.0,8.446051597595215
2011-12-05,19.219999313354492,18.729999542236328,19.040000915527344,18.93000030517578,2358000.0,8.595901489257812
2011-12-06,19.110000610351562,18.690000534057617,18.90999984741211,18.989999771118164,2482200.0,8.623147010803223
2011-12-07,19.299999237060547,18.6200008392334,18.959999084472656,19.139999389648438,2821100.0,8.69126033782959
2011-12-08,18.989999771118164,18.040000915527344,18.899999618530273,18.31999969482422,2735700.0,8.318907737731934
2011-12-09,19.040000915527344,18.239999771118164,18.389999389648438,19.010000228881836,2611200.0,8.632231712341309
2011-12-12,18.780000686645508,18.190000534057617,18.68000030517578,18.719999313354492,4094400.0,8.500542640686035
2011-12-13,19.020000457763672,17.75,18.950000762939453,18.040000915527344,2891900.0,8.19176197052002
2011-12-14,18.34000015258789,17.469999313354492,17.780000686645508,18.229999542236328,3106100.0,8.278040885925293
2011-12-15,18.549999237060547,17.719999313354492,18.450000762939453,17.979999542236328,2465800.0,8.164517402648926
2011-12-16,18.690000534057617,18.059999465942383,18.190000534057617,18.489999771118164,2305700.0,8.396101951599121
2011-12-19,18.68000030517578,17.440000534057617,18.6200008392334,17.530000686645508,2236400.0,7.960177421569824
2011-12-20,18.489999771118164,17.850000381469727,17.850000381469727,18.329999923706055,2824300.0,8.323447227478027
2011-12-21,18.729999542236328,17.8700008392334,18.239999771118164,18.65999984741211,1556200.0,8.473294258117676
2011-12-22,18.8700008392334,18.329999923706055,18.770000457763672,18.670000076293945,1486300.0,8.477839469909668
2011-12-23,18.93000030517578,18.3799991607666,18.790000915527344,18.93000030517578,693400.0,8.595901489257812
2011-12-27,19.09000015258789,18.350000381469727,18.809999465942383,18.979999542236328,809800.0,8.618605613708496
2011-12-28,19.25,18.149999618530273,18.90999984741211,18.190000534057617,1411700.0,8.259875297546387
2011-12-29,18.719999313354492,18.040000915527344,18.309999465942383,18.639999389648438,968200.0,8.464215278625488
2011-12-30,18.850000381469727,18.530000686645508,18.729999542236328,18.729999542236328,712200.0,8.505081176757812
2012-01-03,19.809999465942383,19.190000534057617,19.299999237060547,19.719999313354492,3215600.0,8.954629898071289
2012-01-04,20.219999313354492,19.670000076293945,19.75,19.959999084472656,2597100.0,9.063612937927246
2012-01-05,20.479999542236328,19.280000686645508,19.43000030517578,20.479999542236328,3742900.0,9.299736022949219
2012-01-06,21.0,20.239999771118164,20.520000457763672,20.979999542236328,2999900.0,9.52678394317627
2012-01-09,21.040000915527344,20.43000030517578,20.940000534057617,20.600000381469727,4335300.0,9.354230880737305
2012-01-10,21.149999618530273,20.780000686645508,21.059999465942383,21.040000915527344,3320100.0,9.55402946472168
2012-01-11,22.100000381469727,20.649999618530273,20.93000030517578,22.049999237060547,3454900.0,10.012656211853027
2012-01-12,22.299999237060547,21.790000915527344,21.8799991607666,22.25,3950600.0,10.103473663330078
2012-01-13,24.31999969482422,22.100000381469727,22.309999465942383,23.049999237060547,5197200.0,10.466745376586914
2012-01-17,23.600000381469727,23.049999237060547,23.56999969482422,23.489999771118164,2377600.0,10.666546821594238
2012-01-18,24.06999969482422,23.5,23.540000915527344,23.989999771118164,1862800.0,10.89358901977539
2012-01-19,24.350000381469727,23.530000686645508,24.200000762939453,23.81999969482422,1441400.0,10.816396713256836
2012-01-20,24.290000915527344,23.579999923706055,23.790000915527344,24.209999084472656,1091300.0,10.993489265441895
2012-01-23,24.790000915527344,23.969999313354492,24.260000228881836,24.309999465942383,1179300.0,11.038900375366211
2012-01-24,24.610000610351562,23.920000076293945,24.110000610351562,24.579999923706055,895400.0,11.161502838134766
2012-01-25,25.149999618530273,24.15999984741211,24.510000228881836,25.059999465942383,1081600.0,11.379464149475098
2012-01-26,25.440000534057617,23.940000534057617,25.209999084472656,24.139999389648438,2116500.0,10.961706161499023
2012-01-27,25.1200008392334,24.079999923706055,24.139999389648438,24.8700008392334,1563500.0,11.293185234069824
2012-01-30,24.969999313354492,24.420000076293945,24.6299991607666,24.850000381469727,829400.0,11.284107208251953
2012-01-31,25.270000457763672,24.579999923706055,25.110000610351562,24.940000534057617,1000300.0,11.324975967407227
2012-02-01,25.799999237060547,25.15999984741211,25.15999984741211,25.579999923706055,1296600.0,11.615592002868652
2012-02-02,26.579999923706055,25.549999237060547,25.639999389648438,26.479999542236328,1331700.0,12.024272918701172
2012-02-03,27.079999923706055,26.639999389648438,26.93000030517578,26.790000915527344,1634900.0,12.165040969848633
2012-02-06,27.6200008392334,26.610000610351562,26.8700008392334,27.559999465942383,1166500.0,12.514687538146973
2012-02-07,27.860000610351562,27.1200008392334,27.68000030517578,27.59000015258789,1381400.0,12.528308868408203
2012-02-08,27.950000762939453,27.010000228881836,27.59000015258789,27.81999969482422,2086300.0,12.632749557495117
2012-02-09,28.25,27.149999618530273,28.0,28.1200008392334,1464000.0,12.768975257873535
2012-02-10,27.90999984741211,26.969999313354492,27.729999542236328,27.100000381469727,1210200.0,12.305808067321777
2012-02-13,27.889999389648438,26.149999618530273,27.510000228881836,26.959999084472656,3019100.0,12.242236137390137
2012-02-14,27.959999084472656,27.15999984741211,27.799999237060547,27.6200008392334,3262300.0,12.541935920715332
2012-02-15,28.15999984741211,27.399999618530273,27.93000030517578,27.600000381469727,1641500.0,12.532851219177246
2012-02-16,30.09000015258789,27.309999465942383,27.6299991607666,29.200000762939453,6873700.0,13.259392738342285
2012-02-17,29.450000762939453,28.219999313354492,29.299999237060547,29.030000686645508,3477300.0,13.182198524475098
2012-02-21,29.6200008392334,29.1200008392334,29.149999618530273,29.43000030517578,2194000.0,13.363835334777832
2012-02-22,30.110000610351562,29.43000030517578,29.809999465942383,29.459999084472656,1941000.0,13.377456665039062
2012-02-23,29.90999984741211,29.0,29.549999237060547,29.770000457763672,3528800.0,13.518224716186523
2012-02-24,29.850000381469727,29.360000610351562,29.709999084472656,29.760000228881836,1511300.0,13.513680458068848
2012-02-27,29.600000381469727,29.170000076293945,29.459999084472656,29.5,1505300.0,13.395620346069336
2012-02-28,29.399999618530273,27.520000457763672,29.239999771118164,27.700000762939453,2444000.0,12.578259468078613
2012-02-29,28.290000915527344,27.110000610351562,27.8799991607666,27.209999084472656,2198500.0,12.355752944946289
2012-03-01,27.920000076293945,26.799999237060547,27.530000686645508,27.75,2573000.0,12.600964546203613
2012-03-02,27.940000534057617,27.079999923706055,27.700000762939453,27.18000030517578,1762600.0,12.342131614685059
2012-03-05,27.139999389648438,26.559999465942383,27.100000381469727,26.700000762939453,1564800.0,12.124176025390625
2012-03-06,26.600000381469727,25.489999771118164,26.270000457763672,25.799999237060547,1670600.0,11.715492248535156
2012-03-07,25.959999084472656,25.5,25.6200008392334,25.68000030517578,2105400.0,11.66100025177002
2012-03-08,26.110000610351562,25.40999984741211,25.8799991607666,26.010000228881836,1741400.0,11.810850143432617
2012-03-09,27.899999618530273,25.920000076293945,26.1299991607666,27.56999969482422,2413000.0,12.519227981567383
2012-03-12,27.5,26.5,27.420000076293945,26.809999465942383,1165200.0,12.17411994934082
2012-03-13,27.0,26.25,27.0,26.780000686645508,1299900.0,12.16049861907959
2012-03-14,27.549999237060547,26.799999237060547,27.549999237060547,27.09000015258789,1922900.0,12.301268577575684
2012-03-15,27.260000228881836,26.40999984741211,27.18000030517578,26.799999237060547,935600.0,12.169580459594727
2012-03-16,27.239999771118164,26.75,26.969999313354492,27.06999969482422,2735100.0,12.29218578338623
2012-03-19,27.389999389648438,27.049999237060547,27.049999237060547,27.09000015258789,880900.0,12.301268577575684
2012-03-20,26.989999771118164,26.360000610351562,26.780000686645508,26.549999237060547,927500.0,12.056059837341309
2012-03-21,26.729999542236328,26.149999618530273,26.649999618530273,26.360000610351562,1152000.0,11.969780921936035
2012-03-22,26.18000030517578,25.610000610351562,26.0,26.059999465942383,1282400.0,11.833555221557617
2012-03-23,26.860000610351562,25.959999084472656,26.010000228881836,26.770000457763672,802000.0,12.155956268310547
2012-03-26,27.459999084472656,27.0,27.010000228881836,27.09000015258789,841700.0,12.301268577575684
2012-03-27,27.18000030517578,26.170000076293945,27.139999389648438,26.18000030517578,1099900.0,11.888044357299805
2012-03-28,26.809999465942383,25.84000015258789,26.110000610351562,26.65999984741211,1117300.0,12.106009483337402
2012-03-29,26.690000534057617,26.020000457763672,26.56999969482422,26.5,749100.0,12.033354759216309
2012-03-30,27.030000686645508,26.049999237060547,26.829999923706055,26.75,938600.0,12.146879196166992
2012-04-02,27.5,26.280000686645508,26.6299991607666,27.200000762939453,1237600.0,12.351213455200195
2012-04-03,29.0,28.31999969482422,28.65999984741211,28.799999237060547,4397100.0,13.0777587890625
2012-04-04,28.90999984741211,28.270000457763672,28.299999237060547,28.81999969482422,1550500.0,13.086841583251953
2012-04-05,28.940000534057617,28.360000610351562,28.700000762939453,28.700000762939453,1140300.0,13.0323486328125
2012-04-09,28.950000762939453,27.860000610351562,27.860000610351562,28.649999618530273,815600.0,13.00964641571045
2012-04-10,28.850000381469727,28.350000381469727,28.68000030517578,28.479999542236328,1443600.0,12.932449340820312
2012-04-11,28.729999542236328,28.040000915527344,28.700000762939453,28.209999084472656,888400.0,12.809845924377441
2012-04-12,28.700000762939453,28.010000228881836,28.360000610351562,28.3799991607666,1597100.0,12.887042999267578
2012-04-13,28.6299991607666,28.110000610351562,28.34000015258789,28.1200008392334,2041300.0,12.768975257873535
2012-04-16,28.469999313354492,27.3799991607666,28.18000030517578,27.6200008392334,1348500.0,12.541935920715332
2012-04-17,28.329999923706055,27.75,27.920000076293945,27.860000610351562,580900.0,12.650917053222656
2012-04-18,28.030000686645508,27.360000610351562,27.540000915527344,27.8700008392334,566800.0,12.655458450317383
2012-04-19,30.25,29.950000762939453,30.059999465942383,30.15999984741211,26037700.0,13.69531536102295
2012-04-20,30.239999771118164,30.049999237060547,30.229999542236328,30.079999923706055,2585300.0,13.658988952636719
2012-04-23,30.170000076293945,29.989999771118164,30.020000457763672,30.049999237060547,3547300.0,13.645368576049805
2012-04-24,30.209999084472656,30.040000915527344,30.100000381469727,30.200000762939453,4239500.0,13.713486671447754
2012-04-25,30.200000762939453,30.049999237060547,30.200000762939453,30.15999984741211,5454500.0,13.69531536102295
2012-04-26,30.219999313354492,30.09000015258789,30.100000381469727,30.219999313354492,3327600.0,13.722565650939941
2012-04-27,30.510000228881836,30.1200008392334,30.200000762939453,30.3799991607666,1862900.0,13.795217514038086
2012-04-30,30.469999313354492,30.15999984741211,30.420000076293945,30.360000610351562,893800.0,13.786137580871582
2012-05-01,30.3799991607666,30.149999618530273,30.219999313354492,30.15999984741211,1182300.0,13.69531536102295
2012-05-02,30.25,30.059999465942383,30.170000076293945,30.100000381469727,1699400.0,13.668072700500488
2012-05-03,30.139999389648438,30.0,30.100000381469727,30.040000915527344,4765100.0,13.640828132629395
2012-05-04,30.1200008392334,29.860000610351562,29.860000610351562,30.049999237060547,1601200.0,13.645368576049805
2012-05-07,30.520000457763672,30.18000030517578,30.200000762939453,30.350000381469727,1944600.0,13.781597137451172
2012-05-08,30.3700008392334,30.229999542236328,30.260000228881836,30.309999465942383,2113400.0,13.763432502746582
2012-05-09,30.3700008392334,30.100000381469727,30.15999984741211,30.3700008392334,1110900.0,13.790678024291992
2012-05-10,30.450000762939453,30.280000686645508,30.3700008392334,30.3799991607666,1190100.0,13.795217514038086
2012-05-11,30.709999084472656,30.270000457763672,30.270000457763672,30.31999969482422,827100.0,13.767973899841309
2012-05-14,30.3799991607666,30.260000228881836,30.260000228881836,30.350000381469727,1109600.0,13.781597137451172
2012-05-15,30.479999542236328,30.34000015258789,30.350000381469727,30.399999618530273,1497600.0,13.804299354553223
2012-05-16,30.579999923706055,30.350000381469727,30.489999771118164,30.350000381469727,1231500.0,13.781597137451172
2012-05-17,30.709999084472656,30.420000076293945,30.459999084472656,30.5,1722400.0,13.84970760345459
2012-05-18,31.010000228881836,30.389999389648438,30.389999389648438,30.469999313354492,1217700.0,13.836084365844727
2012-05-21,31.709999084472656,30.030000686645508,30.420000076293945,31.350000381469727,1205500.0,14.235681533813477
2012-05-22,31.34000015258789,28.860000610351562,31.329999923706055,29.290000915527344,6524200.0,13.300259590148926
2012-05-23,29.350000381469727,27.450000762939453,29.110000610351562,27.459999084472656,3655900.0,12.469279289245605
2012-05-24,27.899999618530273,25.940000534057617,27.889999389648438,27.170000076293945,2656700.0,12.337594032287598
2012-05-25,27.690000534057617,26.5,27.520000457763672,26.559999465942383,2864800.0,12.060602188110352
2012-05-29,27.239999771118164,26.40999984741211,26.829999923706055,26.670000076293945,838600.0,12.110551834106445
2012-05-30,26.670000076293945,25.790000915527344,26.610000610351562,25.790000915527344,1390600.0,11.710949897766113
2012-05-31,26.18000030517578,25.0,26.049999237060547,25.440000534057617,1034800.0,11.552019119262695
2012-06-01,25.200000762939453,24.5,25.1200008392334,24.700000762939453,774800.0,11.215995788574219
2012-06-04,25.100000381469727,23.540000915527344,24.690000534057617,24.270000457763672,993700.0,11.020734786987305
2012-06-05,24.510000228881836,23.950000762939453,24.299999237060547,24.100000381469727,1154300.0,10.9435396194458
2012-06-06,25.100000381469727,24.18000030517578,24.440000534057617,24.6200008392334,650400.0,11.179668426513672
2012-06-07,24.770000457763672,24.18000030517578,24.520000457763672,24.25,909100.0,11.0116548538208
2012-06-08,24.610000610351562,23.989999771118164,24.18000030517578,24.559999465942383,709900.0,11.152420043945312
2012-06-11,24.889999389648438,23.899999618530273,24.700000762939453,23.950000762939453,792700.0,10.875428199768066
2012-06-12,24.920000076293945,24.030000686645508,24.030000686645508,24.540000915527344,604900.0,11.143340110778809
2012-06-13,24.719999313354492,23.8799991607666,24.3700008392334,24.030000686645508,368000.0,10.911757469177246
2012-06-14,24.56999969482422,23.950000762939453,24.1299991607666,24.18000030517578,503200.0,10.97986888885498
2012-06-15,24.549999237060547,24.049999237060547,24.329999923706055,24.360000610351562,570000.0,11.061602592468262
2012-06-18,24.440000534057617,24.040000915527344,24.15999984741211,24.40999984741211,322000.0,11.084307670593262
2012-06-19,25.450000762939453,24.469999313354492,24.559999465942383,25.079999923706055,524400.0,11.388548851013184
2012-06-20,25.690000534057617,24.940000534057617,25.280000686645508,25.350000381469727,335700.0,11.511151313781738
2012-06-21,25.350000381469727,24.190000534057617,25.350000381469727,24.469999313354492,527000.0,11.111553192138672
2012-06-22,25.200000762939453,24.399999618530273,24.56999969482422,25.15999984741211,928300.0,11.424870491027832
2012-06-25,25.260000228881836,24.690000534057617,24.719999313354492,24.920000076293945,535300.0,11.31589412689209
2012-06-26,25.479999542236328,24.920000076293945,24.920000076293945,25.34000015258789,459300.0,11.506610870361328
2012-06-27,25.8799991607666,25.25,25.420000076293945,25.56999969482422,667400.0,11.611047744750977
2012-06-28,26.389999389648438,25.309999465942383,25.389999389648438,26.200000762939453,566700.0,11.897128105163574
2012-06-29,26.93000030517578,26.309999465942383,26.770000457763672,26.579999923706055,365500.0,12.069680213928223
2012-07-02,27.100000381469727,26.530000686645508,26.809999465942383,26.889999389648438,382800.0,12.210444450378418
2012-07-03,27.5,26.8799991607666,27.0,27.489999771118164,217100.0,12.48289966583252
2012-07-05,27.610000610351562,26.6299991607666,27.489999771118164,27.3799991607666,373900.0,12.432950973510742
2012-07-06,27.530000686645508,27.059999465942383,27.059999465942383,27.3700008392334,321700.0,12.428413391113281
2012-07-09,27.450000762939453,27.010000228881836,27.399999618530273,27.450000762939453,298300.0,12.464739799499512
2012-07-10,27.809999465942383,27.190000534057617,27.739999771118164,27.520000457763672,346600.0,12.496521949768066
2012-07-11,28.06999969482422,27.549999237060547,27.59000015258789,28.030000686645508,304400.0,12.728110313415527
2012-07-12,27.989999771118164,27.360000610351562,27.829999923706055,27.799999237060547,133800.0,12.623669624328613
2012-07-13,28.350000381469727,27.760000228881836,27.979999542236328,28.350000381469727,460200.0,12.873414039611816
2012-07-16,28.43000030517578,27.850000381469727,28.139999389648438,28.219999313354492,316800.0,12.814388275146484
2012-07-17,28.709999084472656,27.940000534057617,28.469999313354492,28.639999389648438,255300.0,13.00510311126709
2012-07-18,29.079999923706055,28.559999465942383,28.6299991607666,28.75,259900.0,13.055055618286133
2012-07-19,28.950000762939453,28.440000534057617,28.84000015258789,28.809999465942383,413000.0,13.08230209350586
2012-07-20,28.969999313354492,28.299999237060547,28.65999984741211,28.579999923706055,319800.0,12.977855682373047
2012-07-23,28.239999771118164,27.6200008392334,28.040000915527344,28.040000915527344,463700.0,12.732649803161621
2012-07-24,28.149999618530273,27.030000686645508,28.010000228881836,27.329999923706055,168800.0,12.410245895385742
2012-07-25,27.700000762939453,26.760000228881836,27.549999237060547,27.649999618530273,292700.0,12.555551528930664
2012-07-26,28.219999313354492,27.43000030517578,28.219999313354492,27.770000457763672,311700.0,12.61004638671875
2012-07-27,28.420000076293945,27.389999389648438,27.770000457763672,28.209999084472656,323400.0,12.809845924377441
2012-07-30,28.770000457763672,28.09000015258789,28.239999771118164,28.6200008392334,284600.0,12.996021270751953
2012-07-31,29.040000915527344,28.530000686645508,28.760000228881836,28.559999465942383,280700.0,12.968775749206543
2012-08-01,28.549999237060547,27.440000534057617,28.479999542236328,28.190000534057617,273100.0,12.800766944885254
2012-08-02,28.75,27.110000610351562,28.190000534057617,27.290000915527344,252000.0,12.392087936401367
2012-08-03,28.520000457763672,27.170000076293945,27.700000762939453,28.25,340200.0,12.828007698059082
2012-08-06,29.309999465942383,28.190000534057617,28.190000534057617,29.270000457763672,372900.0,13.291181564331055
2012-08-07,29.799999237060547,29.100000381469727,29.5,29.260000228881836,535700.0,13.286638259887695
2012-08-08,29.420000076293945,28.979999542236328,29.06999969482422,29.25,206200.0,13.282097816467285
2012-08-09,29.68000030517578,29.200000762939453,29.309999465942383,29.450000762939453,383400.0,13.37291431427002
2012-08-10,29.399999618530273,29.1299991607666,29.270000457763672,29.309999465942383,164800.0,13.309338569641113
2012-08-13,29.280000686645508,29.0,29.200000762939453,29.170000076293945,442400.0,13.245771408081055
2012-08-14,29.559999465942383,29.040000915527344,29.40999984741211,29.530000686645508,240100.0,13.409244537353516
2012-08-15,29.719999313354492,29.3700008392334,29.600000381469727,29.719999313354492,232900.0,13.49551773071289
2012-08-16,29.81999969482422,29.34000015258789,29.700000762939453,29.75,213900.0,13.509140968322754
2012-08-17,29.760000228881836,29.360000610351562,29.75,29.420000076293945,183900.0,13.359289169311523
2012-08-20,29.6200008392334,29.15999984741211,29.399999618530273,29.56999969482422,163200.0,13.42740535736084
2012-08-21,29.719999313354492,29.329999923706055,29.6200008392334,29.549999237060547,282900.0,13.418326377868652
2012-08-22,29.700000762939453,28.950000762939453,28.950000762939453,29.559999465942383,374600.0,13.422863006591797
2012-08-23,29.549999237060547,28.540000915527344,29.549999237060547,28.549999237060547,344700.0,12.964237213134766
2012-08-24,28.65999984741211,28.18000030517578,28.5,28.290000915527344,234000.0,12.846173286437988
2012-08-27,28.959999084472656,28.170000076293945,28.510000228881836,28.959999084472656,342400.0,13.150411605834961
2012-08-28,29.420000076293945,28.950000762939453,29.0,29.40999984741211,341000.0,13.354748725891113
2012-08-29,29.56999969482422,29.1200008392334,29.399999618530273,29.469999313354492,215600.0,13.38199520111084
2012-08-30,29.530000686645508,29.229999542236328,29.229999542236328,29.520000457763672,301300.0,13.404704093933105
2012-08-31,29.829999923706055,29.299999237060547,29.719999313354492,29.81999969482422,345500.0,13.540931701660156
2012-09-04,30.229999542236328,29.84000015258789,29.84000015258789,30.229999542236328,554700.0,13.727110862731934
2012-09-05,31.15999984741211,30.25,30.280000686645508,31.15999984741211,610100.0,14.149409294128418
2012-09-06,32.849998474121094,31.360000610351562,31.360000610351562,32.790000915527344,839500.0,14.889573097229004
2012-09-07,33.709999084472656,32.45000076293945,32.63999938964844,33.34000015258789,334100.0,15.139320373535156
2012-09-10,33.45000076293945,33.09000015258789,33.31999969482422,33.36000061035156,265900.0,15.14840316772461
2012-09-11,34.06999969482422,33.349998474121094,33.47999954223633,34.040000915527344,517000.0,15.457181930541992
2012-09-12,34.65999984741211,33.97999954223633,34.189998626708984,34.650001525878906,246500.0,15.734179496765137
2012-09-13,35.06999969482422,34.220001220703125,34.81999969482422,34.79999923706055,392100.0,15.80229377746582
2012-09-14,36.81999969482422,35.0,35.099998474121094,36.79999923706055,681300.0,16.710466384887695
2012-09-17,37.560001373291016,36.459999084472656,36.7400016784668,36.560001373291016,348000.0,16.601490020751953
2012-09-18,36.63999938964844,35.79999923706055,36.40999984741211,36.04999923706055,398600.0,16.369903564453125
2012-09-19,37.119998931884766,36.22999954223633,36.5099983215332,36.86000061035156,342600.0,16.737712860107422
2012-09-20,37.70000076293945,36.439998626708984,36.86000061035156,37.5099983215332,347800.0,17.032865524291992
2012-09-21,38.349998474121094,37.650001525878906,37.790000915527344,37.65999984741211,667000.0,17.10098648071289
2012-09-24,38.0099983215332,37.25,37.5099983215332,37.56999969482422,242700.0,17.060115814208984
2012-09-25,38.08000183105469,37.189998626708984,37.720001220703125,37.25,343800.0,16.914810180664062
2012-09-26,37.45000076293945,36.09000015258789,37.22999954223633,36.4900016784668,300400.0,16.5696964263916
2012-09-27,37.08000183105469,36.470001220703125,36.709999084472656,36.81999969482422,402500.0,16.71954917907715
2012-09-28,36.93000030517578,36.45000076293945,36.70000076293945,36.75,179300.0,16.687761306762695
2012-10-01,40.650001525878906,38.470001220703125,39.0,40.18000030517578,855700.0,18.245288848876953
2012-10-02,40.54999923706055,39.2599983215332,40.54999923706055,39.72999954223633,537600.0,18.040950775146484
2012-10-03,39.709999084472656,38.810001373291016,39.709999084472656,38.93000030517578,269200.0,17.677682876586914
2012-10-04,39.849998474121094,39.06999969482422,39.310001373291016,39.58000183105469,191100.0,17.97283363342285
2012-10-05,40.0099983215332,39.029998779296875,39.959999084472656,39.290000915527344,205100.0,17.841150283813477
2012-10-08,39.75,38.86000061035156,39.099998474121094,39.310001373291016,285900.0,17.850231170654297
2012-10-09,40.150001525878906,39.02000045776367,39.40999984741211,39.22999954223633,254200.0,17.813899993896484
2012-10-10,39.61000061035156,38.61000061035156,39.2599983215332,38.65999984741211,235100.0,17.55507469177246
2012-10-11,39.810001373291016,38.59000015258789,39.16999816894531,38.79999923706055,198100.0,17.61864471435547
2012-10-12,38.869998931884766,37.65999984741211,38.7599983215332,38.08000183105469,206400.0,17.29170036315918
2012-10-15,38.77000045776367,37.630001068115234,38.2400016784668,38.70000076293945,171300.0,17.57323455810547
2012-10-16,39.130001068115234,38.40999984741211,38.68000030517578,38.4900016784668,192200.0,17.477880477905273
2012-10-17,39.43000030517578,38.0,38.619998931884766,38.63999938964844,178100.0,17.545989990234375
2012-10-18,38.93000030517578,38.130001068115234,38.41999816894531,38.540000915527344,146500.0,17.500585556030273
2012-10-19,38.77000045776367,37.560001373291016,38.40999984741211,37.84000015258789,238600.0,17.182720184326172
2012-10-22,38.310001373291016,36.869998931884766,37.83000183105469,37.54999923706055,221600.0,17.05103874206543
2012-10-23,37.02000045776367,35.220001220703125,36.86000061035156,35.900001525878906,242500.0,16.301788330078125
2012-10-24,36.560001373291016,35.38999938964844,36.15999984741211,36.0,228900.0,16.347200393676758
2012-10-25,36.560001373291016,35.5,36.31999969482422,36.38999938964844,119300.0,16.524288177490234
2012-10-26,36.779998779296875,36.0,36.38999938964844,36.709999084472656,117700.0,16.669599533081055
2012-10-31,37.220001220703125,36.02000045776367,36.75,36.75,214300.0,16.687761306762695
2012-11-01,36.86000061035156,35.779998779296875,36.86000061035156,36.060001373291016,267400.0,16.37444305419922
2012-11-02,36.41999816894531,34.52000045776367,35.650001525878906,35.20000076293945,459800.0,15.983930587768555
2012-11-05,35.88999938964844,34.75,35.150001525878906,35.779998779296875,279600.0,16.247299194335938
2012-11-06,37.900001525878906,36.25,36.36000061035156,37.689998626708984,324800.0,17.114608764648438
2012-11-07,37.95000076293945,36.56999969482422,37.220001220703125,37.63999938964844,235600.0,17.091903686523438
2012-11-08,38.439998626708984,37.47999954223633,37.5,37.58000183105469,240100.0,17.064659118652344
2012-11-09,38.349998474121094,37.0,37.54999923706055,37.47999954223633,169600.0,17.019248962402344
2012-11-12,38.43000030517578,37.25,37.63999938964844,38.08000183105469,141300.0,17.29170036315918
2012-11-13,39.25,37.33000183105469,37.83000183105469,38.689998626708984,207200.0,17.568696975708008
2012-11-14,39.619998931884766,38.40999984741211,38.40999984741211,38.959999084472656,345300.0,17.691299438476562
2012-11-15,39.77000045776367,38.75,38.97999954223633,39.20000076293945,275300.0,17.800283432006836
2012-11-16,39.83000183105469,38.709999084472656,39.15999984741211,39.77000045776367,183600.0,18.059110641479492
2012-11-19,41.619998931884766,40.18000030517578,40.369998931884766,40.439998626708984,353600.0,18.363351821899414
2012-11-20,41.470001220703125,40.529998779296875,40.70000076293945,41.439998626708984,314100.0,18.817441940307617
2012-11-21,42.63999938964844,41.45000076293945,41.529998779296875,42.560001373291016,336100.0,19.326019287109375
2012-11-23,43.31999969482422,42.7599983215332,43.0099983215332,43.0,141400.0,19.525814056396484
2012-11-26,44.33000183105469,42.400001525878906,43.560001373291016,43.09000015258789,226500.0,19.566686630249023
2012-11-27,43.7599983215332,43.0099983215332,43.63999938964844,43.59000015258789,313700.0,19.793729782104492
2012-11-28,45.599998474121094,42.77000045776367,43.529998779296875,45.36000061035156,398300.0,20.597469329833984
2012-11-29,46.470001220703125,44.810001373291016,45.689998626708984,45.709999084472656,299300.0,20.756397247314453
2012-11-30,46.130001068115234,45.290000915527344,45.900001525878906,45.7400016784668,237200.0,20.7700252532959
2012-12-03,46.13999938964844,45.209999084472656,45.959999084472656,45.83000183105469,249100.0,20.810888290405273
2012-12-04,46.31999969482422,45.650001525878906,46.130001068115234,45.95000076293945,369800.0,20.865381240844727
2012-12-05,46.349998474121094,44.79999923706055,46.08000183105469,44.880001068115234,365600.0,20.37950897216797
2012-12-06,44.900001525878906,43.86000061035156,44.66999816894531,44.7599983215332,366100.0,20.32501983642578
2012-12-07,45.38999938964844,44.52000045776367,44.970001220703125,45.310001373291016,152200.0,20.57476234436035
2012-12-10,46.13999938964844,45.43000030517578,45.63999938964844,46.119998931884766,385600.0,20.942575454711914
2012-12-11,46.380001068115234,45.779998779296875,46.20000076293945,46.0,214800.0,20.888080596923828
2012-12-12,46.54999923706055,45.7599983215332,46.369998931884766,45.97999954223633,240200.0,20.879005432128906
2012-12-13,46.13999938964844,45.56999969482422,46.130001068115234,45.970001220703125,178500.0,20.874467849731445
2012-12-14,47.0099983215332,45.88999938964844,45.970001220703125,46.970001220703125,254700.0,21.32855224609375
2012-12-17,48.33000183105469,47.25,47.470001220703125,48.209999084472656,335600.0,21.891620635986328
2012-12-18,48.779998779296875,48.04999923706055,48.459999084472656,48.470001220703125,309800.0,22.009687423706055
2012-12-19,48.880001068115234,47.810001373291016,48.380001068115234,47.869998931884766,254400.0,21.737224578857422
2012-12-20,49.529998779296875,48.029998779296875,48.029998779296875,49.4900016784668,393100.0,22.47285270690918
2012-12-21,49.470001220703125,48.310001373291016,48.75,49.22999954223633,543500.0,22.35479164123535
2012-12-24,49.630001068115234,48.900001525878906,49.45000076293945,49.0,105800.0,22.250349044799805
2012-12-26,49.54999923706055,48.619998931884766,49.34000015258789,48.68000030517578,219100.0,22.105045318603516
2012-12-27,49.029998779296875,47.65999984741211,48.83000183105469,48.20000076293945,350300.0,21.8870792388916
2012-12-28,48.27000045776367,47.529998779296875,48.09000015258789,47.68000030517578,1053500.0,21.650955200195312
2012-12-31,48.90999984741211,47.63999938964844,47.790000915527344,48.790000915527344,670900.0,22.15498924255371
2013-01-02,50.130001068115234,49.099998474121094,50.029998779296875,49.630001068115234,437700.0,22.536426544189453
2013-01-03,50.11000061035156,48.790000915527344,49.7599983215332,49.15999984741211,346700.0,22.32300567626953
2013-01-04,49.4900016784668,48.560001373291016,49.4900016784668,48.79999923706055,419600.0,22.159534454345703
2013-01-07,48.869998931884766,46.290000915527344,48.79999923706055,46.650001525878906,678400.0,21.183246612548828
2013-01-08,49.27000045776367,46.349998474121094,46.65999984741211,49.2599983215332,493700.0,22.368417739868164
2013-01-09,49.70000076293945,48.70000076293945,49.36000061035156,49.130001068115234,250200.0,22.30938720703125
2013-01-10,51.279998779296875,49.130001068115234,49.7599983215332,51.2400016784668,377700.0,23.26750946044922
2013-01-11,51.650001525878906,50.70000076293945,51.5,51.439998626708984,263200.0,23.358327865600586
2013-01-14,51.81999969482422,51.099998474121094,51.439998626708984,51.66999816894531,374500.0,23.462770462036133
2013-01-15,53.189998626708984,51.31999969482422,51.439998626708984,53.189998626708984,326900.0,24.152978897094727
2013-01-16,53.66999816894531,52.63999938964844,53.02000045776367,52.65999984741211,341100.0,23.912317276000977
2013-01-17,52.95000076293945,50.439998626708984,52.95000076293945,50.689998626708984,1115600.0,23.01776123046875
2013-01-18,50.84000015258789,49.52000045776367,50.68000030517578,49.9900016784668,453500.0,22.699901580810547
2013-01-22,50.41999816894531,49.66999816894531,50.09000015258789,50.209999084472656,169700.0,22.79979705810547
2013-01-23,51.630001068115234,49.790000915527344,50.36000061035156,51.38999938964844,434800.0,23.335620880126953
2013-01-24,54.75,53.5099983215332,54.58000183105469,54.11000061035156,1022900.0,24.570749282836914
2013-01-25,54.900001525878906,54.31999969482422,54.709999084472656,54.70000076293945,654500.0,24.83865737915039
2013-01-28,57.75,54.900001525878906,55.29999923706055,57.38999938964844,864500.0,26.060161590576172
2013-01-29,58.779998779296875,56.209999084472656,57.939998626708984,57.58000183105469,683800.0,26.146438598632812
2013-01-30,58.349998474121094,56.81999969482422,57.880001068115234,57.33000183105469,563600.0,26.032909393310547
2013-01-31,59.27000045776367,57.369998931884766,57.529998779296875,58.75,801100.0,26.677722930908203
2013-02-01,54.290000915527344,52.540000915527344,54.290000915527344,53.58000183105469,779400.0,26.843048095703125
2013-02-04,53.880001068115234,52.939998626708984,53.47999954223633,53.27000045776367,398300.0,26.687740325927734
2013-02-05,54.0,53.27000045776367,53.5,53.650001525878906,476000.0,26.87810516357422
2013-02-06,53.880001068115234,53.15999984741211,53.650001525878906,53.560001373291016,315200.0,26.833024978637695
2013-02-07,54.290000915527344,53.27000045776367,53.56999969482422,54.150001525878906,448600.0,27.12860870361328
2013-02-08,55.65999984741211,54.33000183105469,54.33000183105469,55.470001220703125,263200.0,27.789913177490234
2013-02-11,56.2400016784668,55.47999954223633,55.58000183105469,56.220001220703125,353000.0,28.165653228759766
2013-02-12,56.529998779296875,54.599998474121094,56.150001525878906,54.970001220703125,337100.0,27.5394229888916
2013-02-13,55.97999954223633,54.90999984741211,55.09000015258789,55.290000915527344,177200.0,27.699735641479492
2013-02-14,56.45000076293945,55.189998626708984,55.290000915527344,56.34000015258789,308300.0,28.225778579711914
2013-02-15,56.630001068115234,55.52000045776367,56.459999084472656,56.11000061035156,244000.0,28.11054801940918
2013-02-19,56.5099983215332,55.72999954223633,56.150001525878906,56.27000045776367,292200.0,28.19070816040039
2013-02-20,56.61000061035156,53.650001525878906,56.150001525878906,53.869998931884766,395400.0,26.988340377807617
2013-02-21,54.2400016784668,52.650001525878906,53.65999984741211,53.849998474121094,518400.0,26.978309631347656
2013-02-22,55.45000076293945,54.150001525878906,54.15999984741211,55.380001068115234,301500.0,27.744821548461914
2013-02-25,56.029998779296875,53.79999923706055,55.810001373291016,53.84000015258789,326200.0,26.973295211791992
2013-02-26,54.66999816894531,53.04999923706055,53.81999969482422,54.5,393800.0,27.30396270751953
2013-02-27,56.08000183105469,54.369998931884766,54.470001220703125,55.70000076293945,367500.0,27.9051456451416
2013-02-28,57.29999923706055,55.40999984741211,55.84000015258789,56.18000030517578,342300.0,28.14561653137207
2013-03-01,58.0,55.599998474121094,55.63999938964844,57.880001068115234,399800.0,28.99729347229004
2013-03-04,60.0,57.900001525878906,58.0,59.91999816894531,459200.0,30.01932144165039
2013-03-05,61.45000076293945,59.689998626708984,60.38999938964844,61.400001525878906,570700.0,30.760787963867188
2013-03-06,62.5,59.68000030517578,61.709999084472656,61.0099983215332,404400.0,30.565397262573242
2013-03-07,61.400001525878906,58.77000045776367,61.0099983215332,59.68000030517578,436000.0,29.899085998535156
2013-03-08,60.849998474121094,59.380001068115234,60.20000076293945,59.43000030517578,470600.0,29.773836135864258
2013-03-11,59.34000015258789,56.810001373291016,59.04999923706055,58.650001525878906,578000.0,29.383071899414062
2013-03-12,59.849998474121094,57.709999084472656,59.11000061035156,59.540000915527344,558500.0,29.82894515991211
2013-03-13,58.04999923706055,54.40999984741211,58.04999923706055,54.630001068115234,1263000.0,27.369089126586914
2013-03-14,54.61000061035156,53.529998779296875,54.439998626708984,54.47999954223633,1091400.0,27.29392433166504
2013-03-15,56.13999938964844,54.560001373291016,54.560001373291016,55.0,904500.0,27.554447174072266
2013-03-18,54.65999984741211,53.209999084472656,54.56999969482422,53.459999084472656,468800.0,26.782922744750977
2013-03-19,53.86000061035156,51.77000045776367,53.38999938964844,52.400001525878906,598900.0,26.251876831054688
2013-03-20,53.4900016784668,52.349998474121094,52.75,53.18000030517578,414700.0,26.64264488220215
2013-03-21,53.619998931884766,51.650001525878906,52.790000915527344,51.689998626708984,318100.0,25.89617347717285
2013-03-22,52.58000183105469,51.08000183105469,51.5,52.099998474121094,408500.0,26.101581573486328
2013-03-25,53.0,50.5099983215332,52.099998474121094,50.72999954223633,429200.0,25.415225982666016
2013-03-26,51.4900016784668,50.66999816894531,51.2400016784668,51.189998626708984,319300.0,25.645679473876953
2013-03-27,52.36000061035156,50.75,50.88999938964844,51.66999816894531,381600.0,25.886152267456055
2013-03-28,52.36000061035156,51.439998626708984,51.56999969482422,51.619998931884766,225700.0,25.861103057861328
2013-04-01,52.41999816894531,51.04999923706055,51.79999923706055,51.880001068115234,372800.0,25.99136734008789
2013-04-02,53.0,48.95000076293945,52.0099983215332,49.150001525878906,694600.0,24.623659133911133
2013-04-03,49.65999984741211,46.31999969482422,49.54999923706055,48.689998626708984,1058100.0,24.393205642700195
2013-04-04,50.70000076293945,48.33000183105469,48.849998474121094,50.70000076293945,600800.0,25.400196075439453
2013-04-05,50.5,49.41999816894531,49.65999984741211,50.349998474121094,371000.0,25.224842071533203
2013-04-08,50.70000076293945,49.5,50.61000061035156,50.66999816894531,339700.0,25.385164260864258
2013-04-09,51.029998779296875,50.0099983215332,50.970001220703125,50.65999984741211,325100.0,25.38015365600586
2013-04-10,50.91999816894531,49.790000915527344,50.70000076293945,50.619998931884766,374200.0,25.360118865966797
2013-04-11,50.77000045776367,49.279998779296875,50.65999984741211,49.279998779296875,232200.0,24.688796997070312
2013-04-12,49.2400016784668,47.4900016784668,49.0099983215332,48.619998931884766,391800.0,24.358139038085938
2013-04-15,48.58000183105469,46.91999816894531,47.79999923706055,47.0099983215332,472600.0,23.551538467407227
2013-04-16,49.27000045776367,47.41999816894531,47.689998626708984,49.04999923706055,475600.0,24.573556900024414
2013-04-17,48.439998626708984,45.5,48.439998626708984,45.65999984741211,619900.0,22.87520408630371
2013-04-18,46.41999816894531,44.95000076293945,45.83000183105469,45.54999923706055,453700.0,22.820096969604492
2013-04-19,47.47999954223633,45.31999969482422,45.81999969482422,47.27000045776367,390100.0,23.68179702758789
2013-04-22,47.529998779296875,45.709999084472656,47.52000045776367,46.72999954223633,447700.0,23.411264419555664
2013-04-23,48.4900016784668,47.04999923706055,47.04999923706055,48.400001525878906,662500.0,24.24791717529297
2013-04-24,50.75,48.130001068115234,48.61000061035156,50.38999938964844,621200.0,25.24488639831543
2013-04-25,50.83000183105469,49.81999969482422,50.83000183105469,50.34000015258789,384400.0,25.219839096069336
2013-04-26,50.18000030517578,48.72999954223633,50.18000030517578,49.65999984741211,338200.0,24.879152297973633
2013-04-29,50.970001220703125,49.33000183105469,49.599998474121094,50.849998474121094,416700.0,25.475343704223633
2013-04-30,51.2599983215332,48.959999084472656,51.209999084472656,49.27000045776367,574200.0,24.68377685546875
2013-05-01,48.97999954223633,47.439998626708984,48.810001373291016,48.13999938964844,524600.0,24.117656707763672
2013-05-02,52.31999969482422,48.0,48.16999816894531,52.04999923706055,588300.0,26.07652473449707
2013-05-03,54.72999954223633,52.04999923706055,52.45000076293945,54.61000061035156,654200.0,27.359066009521484
2013-05-06,56.58000183105469,54.65999984741211,54.68000030517578,56.56999969482422,603500.0,28.341005325317383
2013-05-07,58.9900016784668,56.52000045776367,57.04999923706055,58.970001220703125,931500.0,29.54338264465332
2013-05-08,58.900001525878906,56.4900016784668,58.060001373291016,57.150001525878906,592400.0,29.00041961669922
2013-05-09,59.70000076293945,57.20000076293945,57.349998474121094,59.06999969482422,967800.0,29.974712371826172
2013-05-10,59.86000061035156,58.0,59.06999969482422,59.33000183105469,710600.0,30.10664176940918
2013-05-13,59.75,57.66999816894531,59.5,58.20000076293945,736100.0,29.533226013183594
2013-05-14,59.81999969482422,58.06999969482422,58.220001220703125,59.22999954223633,514400.0,30.055896759033203
2013-05-15,61.5,59.09000015258789,59.13999938964844,60.400001525878906,810000.0,30.64960479736328
2013-05-16,60.900001525878906,59.36000061035156,60.2599983215332,60.25,500000.0,30.573490142822266
2013-05-17,63.810001373291016,60.720001220703125,60.720001220703125,63.63999938964844,493000.0,32.29372787475586
2013-05-20,67.19999694824219,63.75,64.05999755859375,66.62000274658203,960300.0,33.805908203125
2013-05-21,68.33000183105469,66.1500015258789,66.7699966430664,67.7300033569336,536700.0,34.369171142578125
2013-05-22,69.51000213623047,66.33000183105469,68.54000091552734,66.9000015258789,628400.0,33.948001861572266
2013-05-23,67.48999786376953,65.12999725341797,65.94999694824219,67.1500015258789,476300.0,34.074851989746094
2013-05-24,67.95999908447266,66.06999969482422,66.58999633789062,67.9000015258789,307900.0,34.455440521240234
2013-05-28,72.31999969482422,68.37999725341797,69.68000030517578,70.37999725341797,1711900.0,35.71390151977539
2013-05-29,71.79000091552734,68.22000122070312,71.33999633789062,69.68000030517578,1200900.0,35.35868835449219
2013-05-30,64.13999938964844,61.45000076293945,64.13999938964844,62.529998779296875,1010200.0,34.994911193847656
2013-05-31,64.6500015258789,62.52000045776367,62.88999938964844,62.810001373291016,721200.0,35.151615142822266
2013-06-03,64.02999877929688,60.0,63.65999984741211,61.52000045776367,776400.0,34.42965316772461
2013-06-04,61.5,58.02000045776367,61.25,59.61000061035156,824500.0,33.360740661621094
2013-06-05,59.40999984741211,57.5,59.40999984741211,58.790000915527344,580300.0,32.90182113647461
2013-06-06,60.0,58.16999816894531,58.81999969482422,59.86000061035156,323500.0,33.50065231323242
2013-06-07,60.7400016784668,58.88999938964844,60.060001373291016,59.63999938964844,296200.0,33.37752914428711
2013-06-10,59.290000915527344,57.5,59.099998474121094,57.599998474121094,517100.0,32.23583984375
2013-06-11,58.16999816894531,56.20000076293945,57.0,56.939998626708984,603000.0,31.86646842956543
2013-06-12,57.79999923706055,55.61000061035156,57.68000030517578,55.70000076293945,366300.0,31.17249870300293
2013-06-13,56.95000076293945,55.08000183105469,55.54999923706055,56.61000061035156,415700.0,31.681785583496094
2013-06-14,57.130001068115234,55.189998626708984,56.70000076293945,55.689998626708984,255600.0,31.16691780090332
2013-06-17,56.130001068115234,54.47999954223633,56.04999923706055,55.0099983215332,397400.0,30.78634262084961
2013-06-18,55.459999084472656,54.47999954223633,55.0,54.81999969482422,372000.0,30.680015563964844
2013-06-19,55.29999923706055,53.59000015258789,54.709999084472656,53.88999938964844,531800.0,30.15953826904297
2013-06-20,53.220001220703125,50.29999923706055,53.220001220703125,50.54999923706055,919100.0,28.29030418395996
2013-06-21,51.099998474121094,48.220001220703125,51.0099983215332,49.220001220703125,1312300.0,27.54597282409668
2013-06-24,48.38999938964844,46.540000915527344,48.369998931884766,47.119998931884766,534900.0,26.370708465576172
2013-06-25,48.2599983215332,47.279998779296875,47.900001525878906,47.970001220703125,616800.0,26.84641456604004
2013-06-26,48.849998474121094,47.79999923706055,48.2599983215332,48.25,445300.0,27.003116607666016
2013-06-27,48.81999969482422,46.93000030517578,48.63999938964844,47.06999969482422,555400.0,26.342727661132812
2013-06-28,47.7400016784668,46.84000015258789,47.119998931884766,47.400001525878906,1739100.0,26.527406692504883
2013-07-01,48.439998626708984,45.959999084472656,47.75,46.38999938964844,892500.0,25.962160110473633
2013-07-02,46.84000015258789,44.63999938964844,46.59000015258789,45.220001220703125,582700.0,25.3073787689209
2013-07-03,45.060001373291016,43.29999923706055,44.95000076293945,44.75,505900.0,25.044340133666992
2013-07-05,45.18000030517578,43.47999954223633,45.0,44.540000915527344,320200.0,24.926807403564453
2013-07-08,47.77000045776367,44.54999923706055,44.720001220703125,47.56999969482422,780600.0,26.622549057006836
2013-07-09,48.400001525878906,46.70000076293945,47.54999923706055,47.93000030517578,516400.0,26.824024200439453
2013-07-10,47.619998931884766,44.72999954223633,47.47999954223633,45.18000030517578,676300.0,25.284984588623047
2013-07-11,48.20000076293945,45.40999984741211,46.08000183105469,48.11000061035156,576400.0,26.924758911132812
2013-07-12,49.939998626708984,47.540000915527344,47.70000076293945,49.08000183105469,596200.0,27.46761703491211
2013-07-15,49.40999984741211,47.70000076293945,49.40999984741211,47.810001373291016,479600.0,26.75687026977539
2013-07-16,47.869998931884766,46.0099983215332,47.869998931884766,47.290000915527344,523900.0,26.465845108032227
2013-07-17,47.81999969482422,46.41999816894531,47.45000076293945,47.7400016784668,386000.0,26.717693328857422
2013-07-18,48.349998474121094,45.540000915527344,47.810001373291016,45.779998779296875,786300.0,25.620777130126953
2013-07-19,46.349998474121094,45.40999984741211,45.959999084472656,45.939998626708984,828400.0,25.71031379699707
2013-07-22,46.56999969482422,44.470001220703125,46.20000076293945,46.47999954223633,828900.0,26.012529373168945
2013-07-23,47.599998474121094,46.06999969482422,46.77000045776367,46.84000015258789,594400.0,26.21400260925293
2013-07-24,47.0,45.869998931884766,47.0,46.27000045776367,341300.0,25.895008087158203
2013-07-25,47.27000045776367,46.029998779296875,46.189998626708984,47.029998779296875,381300.0,26.320341110229492
2013-07-26,47.70000076293945,46.790000915527344,46.95000076293945,46.869998931884766,279700.0,26.230791091918945
2013-07-29,46.900001525878906,45.810001373291016,46.5,46.77000045776367,335300.0,26.17482566833496
2013-07-30,46.77000045776367,45.40999984741211,46.7599983215332,46.5,430900.0,26.023727416992188
2013-07-31,47.310001373291016,46.0099983215332,46.5,47.189998626708984,606900.0,26.409889221191406
2013-08-01,49.5,46.66999816894531,47.779998779296875,48.540000915527344,677300.0,27.165416717529297
2013-08-02,48.36000061035156,45.79999923706055,48.29999923706055,45.970001220703125,628100.0,25.727113723754883
2013-08-05,46.27000045776367,45.2599983215332,46.0,45.91999816894531,443500.0,25.699125289916992
2013-08-06,47.36000061035156,45.25,45.91999816894531,47.22999954223633,617800.0,26.432275772094727
2013-08-07,47.4900016784668,46.2599983215332,47.11000061035156,46.619998931884766,442700.0,26.09088134765625
2013-08-08,45.4900016784668,43.84000015258789,45.209999084472656,44.029998779296875,1344800.0,25.04429054260254
2013-08-09,44.52000045776367,42.41999816894531,44.040000915527344,42.599998474121094,708100.0,24.230911254882812
2013-08-12,44.33000183105469,42.04999923706055,42.22999954223633,43.5,680000.0,24.742828369140625
2013-08-13,44.7599983215332,43.25,43.65999984741211,43.88999938964844,568800.0,24.964656829833984
2013-08-14,45.83000183105469,43.900001525878906,44.029998779296875,44.68000030517578,726000.0,25.414011001586914
2013-08-15,44.369998931884766,42.56999969482422,44.22999954223633,42.66999816894531,563500.0,24.270723342895508
2013-08-16,43.189998626708984,42.04999923706055,42.560001373291016,42.65999984741211,378100.0,24.265029907226562
2013-08-19,42.65999984741211,41.0099983215332,42.4900016784668,41.09000015258789,500200.0,23.372020721435547
2013-08-20,42.439998626708984,40.5099983215332,41.31999969482422,42.06999969482422,910300.0,23.929445266723633
2013-08-21,44.0,41.209999084472656,42.06999969482422,43.189998626708984,524000.0,24.566492080688477
2013-08-22,45.4900016784668,43.119998931884766,43.43000030517578,45.0099983215332,371400.0,25.601715087890625
2013-08-23,45.77000045776367,44.040000915527344,45.279998779296875,44.369998931884766,409300.0,25.2376766204834
2013-08-26,44.95000076293945,43.66999816894531,44.4900016784668,44.5099983215332,401800.0,25.317304611206055
2013-08-27,44.2400016784668,42.7400016784668,44.2400016784668,43.08000183105469,503300.0,24.503931045532227
2013-08-28,44.08000183105469,43.130001068115234,43.20000076293945,44.02000045776367,415000.0,25.038606643676758
2013-08-29,44.040000915527344,43.099998474121094,44.040000915527344,43.59000015258789,367300.0,24.794023513793945
2013-08-30,44.11000061035156,42.349998474121094,43.650001525878906,42.81999969482422,422800.0,24.35604476928711
2013-09-03,44.20000076293945,43.08000183105469,43.529998779296875,43.27000045776367,470200.0,24.61200714111328
2013-09-04,43.63999938964844,42.810001373291016,43.22999954223633,43.619998931884766,1248100.0,24.811079025268555
2013-09-05,43.790000915527344,42.810001373291016,43.790000915527344,42.970001220703125,618600.0,24.441362380981445
2013-09-06,43.06999969482422,42.2400016784668,43.06999969482422,42.439998626708984,496600.0,24.139902114868164
2013-09-09,42.369998931884766,41.31999969482422,42.369998931884766,41.349998474121094,648400.0,23.5199031829834
2013-09-10,41.779998779296875,40.79999923706055,41.439998626708984,41.380001068115234,711400.0,23.536970138549805
2013-09-11,41.529998779296875,40.130001068115234,41.439998626708984,40.27000045776367,601100.0,22.905601501464844
2013-09-12,40.29999923706055,39.59000015258789,40.189998626708984,40.130001068115234,491700.0,22.825971603393555
2013-09-13,40.9900016784668,40.130001068115234,40.349998474121094,40.650001525878906,524000.0,23.121747970581055
2013-09-16,41.459999084472656,40.20000076293945,41.459999084472656,40.349998474121094,492300.0,22.951101303100586
2013-09-17,40.58000183105469,39.7599983215332,40.38999938964844,40.099998474121094,426900.0,22.80890464782715
2013-09-18,40.38999938964844,39.220001220703125,40.2400016784668,39.95000076293945,687400.0,22.723581314086914
2013-09-19,40.869998931884766,39.150001525878906,40.20000076293945,39.4900016784668,669700.0,22.46193504333496
2013-09-20,39.95000076293945,38.77000045776367,39.650001525878906,38.93000030517578,678000.0,22.143407821655273
2013-09-23,38.900001525878906,38.11000061035156,38.810001373291016,38.61000061035156,353800.0,21.96139144897461
2013-09-24,39.209999084472656,38.13999938964844,38.77000045776367,38.349998474121094,506500.0,21.81350326538086
2013-09-25,39.959999084472656,38.400001525878906,38.529998779296875,39.959999084472656,976600.0,22.729265213012695
2013-09-26,40.0,38.70000076293945,39.970001220703125,38.959999084472656,464000.0,22.160470962524414
2013-09-27,39.13999938964844,38.5099983215332,38.650001525878906,38.90999984741211,425400.0,22.132036209106445
2013-09-30,38.84000015258789,38.060001373291016,38.41999816894531,38.52000045776367,362600.0,21.910198211669922
2013-10-01,39.099998474121094,38.04999923706055,38.459999084472656,38.810001373291016,351800.0,22.07515525817871
2013-10-02,39.720001220703125,38.560001373291016,38.7400016784668,39.06999969482422,466200.0,22.223037719726562
2013-10-03,38.97999954223633,37.79999923706055,38.79999923706055,38.29999923706055,440100.0,21.785064697265625
2013-10-04,38.54999923706055,37.91999816894531,38.279998779296875,38.310001373291016,262400.0,21.790754318237305
2013-10-07,38.349998474121094,37.099998474121094,38.06999969482422,37.150001525878906,436200.0,21.130943298339844
2013-10-08,37.41999816894531,35.63999938964844,37.08000183105469,36.13999938964844,603500.0,20.556453704833984
2013-10-09,36.650001525878906,35.900001525878906,36.11000061035156,36.34000015258789,609200.0,20.67021369934082
2013-10-10,38.45000076293945,36.720001220703125,36.720001220703125,38.220001220703125,564400.0,21.73955726623535
2013-10-11,39.650001525878906,38.209999084472656,38.22999954223633,38.7599983215332,757800.0,22.046710968017578
2013-10-14,38.75,37.970001220703125,38.38999938964844,38.63999938964844,533900.0,21.97845458984375
2013-10-15,39.16999816894531,38.61000061035156,38.650001525878906,38.90999984741211,393400.0,22.132036209106445
2013-10-16,39.88999938964844,39.060001373291016,39.380001068115234,39.779998779296875,455800.0,22.626893997192383
2013-10-17,40.86000061035156,39.4900016784668,39.4900016784668,40.810001373291016,501400.0,23.212751388549805
2013-10-18,41.459999084472656,40.68000030517578,41.0,41.459999084472656,451900.0,23.582473754882812
2013-10-21,41.88999938964844,40.540000915527344,41.52000045776367,40.68000030517578,494100.0,23.13880729675293
2013-10-22,41.619998931884766,40.560001373291016,41.029998779296875,41.060001373291016,488600.0,23.354955673217773
2013-10-23,42.04999923706055,40.84000015258789,41.060001373291016,41.16999816894531,607700.0,23.41752052307129
2013-10-24,41.29999923706055,40.16999816894531,41.29999923706055,40.25,346900.0,22.894222259521484
2013-10-25,40.5,39.400001525878906,40.41999816894531,39.68000030517578,352400.0,22.57000732421875
2013-10-28,41.0,39.33000183105469,39.779998779296875,40.59000015258789,431100.0,23.087614059448242
2013-10-29,41.119998931884766,40.2599983215332,40.83000183105469,40.61000061035156,207800.0,23.098997116088867
2013-10-30,40.900001525878906,39.040000915527344,40.61000061035156,39.9900016784668,493900.0,22.746339797973633
2013-10-31,40.529998779296875,39.709999084472656,40.11000061035156,39.720001220703125,428000.0,22.592758178710938
2013-11-01,40.25,36.099998474121094,40.040000915527344,37.060001373291016,1068500.0,21.079753875732422
2013-11-04,37.939998626708984,36.7400016784668,36.900001525878906,37.5099983215332,732800.0,21.335710525512695
2013-11-05,37.380001068115234,36.65999984741211,37.33000183105469,36.849998474121094,690300.0,20.960304260253906
2013-11-06,36.41999816894531,33.810001373291016,36.209999084472656,34.2400016784668,945300.0,19.880355834960938
2013-11-07,34.90999984741211,33.41999816894531,34.279998779296875,33.619998931884766,727200.0,19.520368576049805
2013-11-08,34.43000030517578,33.029998779296875,33.599998474121094,34.369998931884766,584600.0,19.955833435058594
2013-11-11,35.59000015258789,33.97999954223633,34.41999816894531,35.5099983215332,542500.0,20.617740631103516
2013-11-12,36.540000915527344,35.45000076293945,35.61000061035156,36.18000030517578,589800.0,21.006750106811523
2013-11-13,37.189998626708984,35.81999969482422,36.06999969482422,37.16999816894531,583600.0,21.581562042236328
2013-11-14,38.04999923706055,36.65999984741211,37.18000030517578,37.650001525878906,431500.0,21.86026382446289
2013-11-15,38.09000015258789,36.70000076293945,37.65999984741211,37.849998474121094,552300.0,21.97637939453125
2013-11-18,38.290000915527344,37.220001220703125,38.13999938964844,37.290000915527344,466800.0,21.651241302490234
2013-11-19,37.75,36.41999816894531,37.43000030517578,36.45000076293945,396700.0,21.163522720336914
2013-11-20,37.130001068115234,35.77000045776367,36.689998626708984,36.220001220703125,337800.0,21.029977798461914
2013-11-21,36.599998474121094,35.93000030517578,36.22999954223633,36.41999816894531,373500.0,21.146099090576172
2013-11-22,37.0,35.63999938964844,36.529998779296875,36.63999938964844,737900.0,21.27383804321289
2013-11-25,36.849998474121094,36.029998779296875,36.63999938964844,36.61000061035156,340000.0,21.256418228149414
2013-11-26,36.59000015258789,35.5099983215332,36.58000183105469,35.79999923706055,538000.0,20.786113739013672
2013-11-27,39.4900016784668,35.880001068115234,35.880001068115234,38.970001220703125,1308400.0,22.626676559448242
2013-11-29,39.90999984741211,38.900001525878906,39.310001373291016,39.47999954223633,500400.0,22.92279052734375
2013-12-02,41.290000915527344,39.45000076293945,39.86000061035156,40.029998779296875,1117500.0,23.242124557495117
2013-12-03,41.209999084472656,39.630001068115234,40.15999984741211,39.709999084472656,1172200.0,23.056331634521484
2013-12-04,39.7400016784668,38.150001525878906,39.29999923706055,38.290000915527344,751000.0,22.23185920715332
2013-12-05,40.59000015258789,38.77000045776367,40.59000015258789,39.02000045776367,994900.0,22.655702590942383
2013-12-06,40.029998779296875,38.5,39.16999816894531,38.599998474121094,569900.0,22.41184425354004
2013-12-09,40.20000076293945,38.599998474121094,39.08000183105469,38.790000915527344,586500.0,22.52216911315918
2013-12-10,39.150001525878906,37.59000015258789,38.900001525878906,38.43000030517578,549400.0,22.313142776489258
2013-12-11,38.709999084472656,37.90999984741211,38.380001068115234,38.380001068115234,582500.0,22.28411102294922
2013-12-12,38.650001525878906,37.68000030517578,38.290000915527344,37.91999816894531,512900.0,22.01702880859375
2013-12-13,38.22999954223633,37.08000183105469,38.02000045776367,37.56999969482422,396500.0,21.813810348510742
2013-12-16,39.5,38.150001525878906,38.439998626708984,39.45000076293945,615300.0,22.90536880493164
2013-12-17,39.880001068115234,38.83000183105469,39.45000076293945,39.47999954223633,474300.0,22.92279052734375
2013-12-18,40.83000183105469,39.290000915527344,39.5,40.58000183105469,587800.0,23.561471939086914
2013-12-19,41.20000076293945,40.040000915527344,40.709999084472656,40.810001373291016,552500.0,23.69501495361328
2013-12-20,41.83000183105469,40.790000915527344,40.810001373291016,41.68000030517578,831500.0,24.20014762878418
2013-12-23,42.47999954223633,41.43000030517578,41.849998474121094,41.81999969482422,579500.0,24.281435012817383
2013-12-24,42.619998931884766,41.88999938964844,42.0,42.540000915527344,182500.0,24.699481964111328
2013-12-26,43.099998474121094,42.130001068115234,42.439998626708984,43.040000915527344,266000.0,24.989791870117188
2013-12-27,43.099998474121094,42.2400016784668,43.06999969482422,42.63999938964844,308700.0,24.757539749145508
2013-12-30,42.7400016784668,41.65999984741211,42.63999938964844,42.150001525878906,340600.0,24.473041534423828
2013-12-31,43.439998626708984,42.25,42.34000015258789,43.43000030517578,315000.0,25.216230392456055
2014-01-02,43.7599983215332,42.439998626708984,43.439998626708984,43.68000030517578,576600.0,25.361379623413086
2014-01-03,43.959999084472656,42.459999084472656,43.790000915527344,42.58000183105469,404400.0,24.722707748413086
2014-01-06,43.540000915527344,42.47999954223633,42.599998474121094,42.599998474121094,487100.0,24.734323501586914
2014-01-07,43.130001068115234,42.130001068115234,42.7400016784668,42.880001068115234,487600.0,24.89689064025879
2014-01-08,42.95000076293945,41.369998931884766,42.810001373291016,41.599998474121094,448700.0,24.153701782226562
2014-01-09,42.04999923706055,41.060001373291016,41.70000076293945,41.83000183105469,529000.0,24.28724479675293
2014-01-10,42.61000061035156,41.279998779296875,41.95000076293945,42.56999969482422,378900.0,24.71689224243164
2014-01-13,42.70000076293945,40.33000183105469,42.369998931884766,40.90999984741211,502400.0,23.753067016601562
2014-01-14,42.279998779296875,41.08000183105469,41.33000183105469,42.13999938964844,490100.0,24.467227935791016
2014-01-15,42.349998474121094,40.4900016784668,42.279998779296875,40.7400016784668,505300.0,23.654375076293945
2014-01-16,40.939998626708984,40.2599983215332,40.66999816894531,40.540000915527344,445100.0,23.53824234008789
2014-01-17,41.04999923706055,40.13999938964844,40.630001068115234,40.209999084472656,424900.0,23.346643447875977
2014-01-21,41.779998779296875,40.5,40.68000030517578,41.540000915527344,382800.0,24.118860244750977
2014-01-22,41.97999954223633,41.0,41.779998779296875,41.279998779296875,311100.0,23.9679012298584
2014-01-23,41.709999084472656,39.66999816894531,41.119998931884766,40.09000015258789,521200.0,23.276966094970703
2014-01-24,39.79999923706055,38.11000061035156,39.79999923706055,38.209999084472656,532200.0,22.185407638549805
2014-01-27,38.5,37.02000045776367,38.189998626708984,38.0,520900.0,22.063472747802734
2014-01-28,38.130001068115234,37.040000915527344,38.130001068115234,37.43000030517578,408900.0,21.73252296447754
2014-01-29,37.95000076293945,36.459999084472656,37.099998474121094,36.83000183105469,748300.0,21.3841495513916
2014-01-30,37.63999938964844,36.56999969482422,37.290000915527344,37.130001068115234,410300.0,21.558338165283203
2014-01-31,37.52000045776367,36.720001220703125,36.7400016784668,37.09000015258789,364800.0,21.53511619567871
2014-02-03,37.31999969482422,35.5099983215332,37.060001373291016,35.88999938964844,622500.0,20.8383731842041
2014-02-04,36.15999984741211,34.900001525878906,36.119998931884766,35.72999954223633,422000.0,20.745471954345703
2014-02-05,36.18000030517578,34.88999938964844,35.900001525878906,35.68000030517578,479100.0,20.716442108154297
2014-02-06,36.22999954223633,35.279998779296875,35.63999938964844,36.040000915527344,323600.0,20.92547035217285
2014-02-07,36.72999954223633,35.709999084472656,36.27000045776367,36.720001220703125,352800.0,21.32028579711914
2014-02-10,37.060001373291016,35.900001525878906,37.0,36.06999969482422,417800.0,20.94288444519043
2014-02-11,37.54999923706055,36.20000076293945,36.349998474121094,36.97999954223633,356800.0,21.47124481201172
2014-02-12,37.41999816894531,36.52000045776367,37.060001373291016,36.7599983215332,375400.0,21.343505859375
2014-02-13,37.689998626708984,36.279998779296875,36.619998931884766,37.36000061035156,405000.0,21.691879272460938
2014-02-14,38.029998779296875,37.0099983215332,37.29999923706055,37.65999984741211,286600.0,21.86606788635254
2014-02-18,37.97999954223633,37.040000915527344,37.7599983215332,37.2400016784668,630800.0,21.6221981048584
2014-02-19,37.900001525878906,37.189998626708984,37.2400016784668,37.529998779296875,422700.0,21.790586471557617
2014-02-20,39.220001220703125,37.52000045776367,38.220001220703125,38.75,793800.0,22.49893569946289
2014-02-21,40.310001373291016,38.79999923706055,38.79999923706055,40.2599983215332,637000.0,23.375673294067383
2014-02-24,42.0,40.5,40.5099983215332,41.4900016784668,842900.0,24.08983612060547
2014-02-25,42.43000030517578,41.560001373291016,41.689998626708984,42.130001068115234,570500.0,24.46142578125
2014-02-26,42.900001525878906,41.70000076293945,42.45000076293945,41.95000076293945,650400.0,24.356918334960938
2014-02-27,42.0,39.59000015258789,41.34000015258789,39.900001525878906,697900.0,23.588369369506836
2014-02-28,40.279998779296875,39.2599983215332,40.0099983215332,39.349998474121094,541700.0,23.263219833374023
2014-03-03,39.900001525878906,38.099998474121094,39.0,38.220001220703125,549800.0,22.595176696777344
2014-03-04,39.04999923706055,37.40999984741211,38.720001220703125,37.83000183105469,1326000.0,22.36461639404297
2014-03-05,38.599998474121094,37.75,37.959999084472656,38.25,362200.0,22.612911224365234
2014-03-06,40.54999923706055,38.36000061035156,38.45000076293945,40.47999954223633,576500.0,23.931259155273438
2014-03-07,40.900001525878906,39.36000061035156,40.7599983215332,39.65999984741211,309200.0,23.44649314880371
2014-03-10,40.65999984741211,39.40999984741211,39.65999984741211,40.22999954223633,371000.0,23.783462524414062
2014-03-11,40.380001068115234,39.040000915527344,40.380001068115234,39.400001525878906,532100.0,23.29277992248535
2014-03-12,40.15999984741211,39.13999938964844,39.2400016784668,40.15999984741211,423300.0,23.74208641052246
2014-03-13,40.290000915527344,38.439998626708984,40.290000915527344,38.810001373291016,468300.0,22.943986892700195
2014-03-14,40.880001068115234,38.849998474121094,38.849998474121094,40.869998931884766,659800.0,24.161823272705078
2014-03-17,41.209999084472656,40.68000030517578,40.86000061035156,40.91999816894531,430600.0,24.191381454467773
2014-03-18,41.90999984741211,40.689998626708984,40.9900016784668,41.459999084472656,318200.0,24.510622024536133
2014-03-19,41.459999084472656,40.400001525878906,41.33000183105469,40.68000030517578,271700.0,24.049501419067383
2014-03-20,41.720001220703125,40.04999923706055,40.58000183105469,41.56999969482422,305600.0,24.575653076171875
2014-03-21,42.02000045776367,40.9900016784668,41.779998779296875,41.650001525878906,629500.0,24.62294578552246
2014-03-24,41.97999954223633,40.75,41.689998626708984,41.11000061035156,399200.0,24.3037109375
2014-03-25,41.939998626708984,41.02000045776367,41.34000015258789,41.779998779296875,263700.0,24.699804306030273
2014-03-26,42.15999984741211,41.20000076293945,42.0,41.380001068115234,282800.0,24.463335037231445
2014-03-27,41.689998626708984,40.5,41.43000030517578,40.900001525878906,461800.0,24.17955780029297
2014-03-28,41.9900016784668,40.869998931884766,41.16999816894531,41.560001373291016,308400.0,24.569740295410156
2014-03-31,42.439998626708984,41.0099983215332,41.869998931884766,42.25,402200.0,24.977663040161133
2014-04-01,43.810001373291016,42.119998931884766,42.36000061035156,43.720001220703125,590100.0,25.84671401977539
2014-04-02,43.599998474121094,42.70000076293945,43.56999969482422,43.15999984741211,483800.0,25.515642166137695
2014-04-03,43.70000076293945,43.02000045776367,43.33000183105469,43.459999084472656,329100.0,25.6929988861084
2014-04-04,43.970001220703125,42.529998779296875,43.70000076293945,42.66999816894531,235800.0,25.22595977783203
2014-04-07,42.689998626708984,41.45000076293945,42.56999969482422,41.90999984741211,297000.0,24.776657104492188
2014-04-08,42.52000045776367,41.060001373291016,41.900001525878906,41.61000061035156,312900.0,24.599308013916016
2014-04-09,43.04999923706055,41.47999954223633,41.83000183105469,43.029998779296875,250300.0,25.438793182373047
2014-04-10,43.560001373291016,42.25,43.0,42.84000015258789,381100.0,25.326459884643555
2014-04-11,43.09000015258789,42.34000015258789,42.599998474121094,42.709999084472656,389100.0,25.249608993530273
2014-04-14,45.0,42.810001373291016,43.06999969482422,44.91999816894531,445100.0,26.55613136291504
2014-04-15,46.09000015258789,44.099998474121094,45.0,46.06999969482422,497500.0,27.235998153686523
2014-04-16,47.400001525878906,45.38999938964844,46.33000183105469,46.9900016784668,466900.0,27.779891967773438
2014-04-17,48.290000915527344,46.56999969482422,46.880001068115234,48.029998779296875,561700.0,28.39472198486328
2014-04-21,49.77000045776367,47.849998474121094,48.0,49.29999923706055,687100.0,29.145530700683594
2014-04-22,49.25,48.25,49.20000076293945,48.779998779296875,696300.0,28.838109970092773
2014-04-23,49.84000015258789,48.54999923706055,48.63999938964844,48.849998474121094,461900.0,28.879493713378906
2014-04-24,49.88999938964844,48.279998779296875,49.29999923706055,48.86000061035156,943400.0,28.885408401489258
2014-04-25,49.279998779296875,48.369998931884766,48.779998779296875,48.560001373291016,307400.0,28.708059310913086
2014-04-28,49.7400016784668,48.5,48.779998779296875,49.529998779296875,276700.0,29.281511306762695
2014-04-29,49.900001525878906,48.79999923706055,49.709999084472656,48.88999938964844,323900.0,28.90314292907715
2014-04-30,49.470001220703125,48.5,49.0,49.150001525878906,391100.0,29.056856155395508
2014-05-01,50.29999923706055,46.25,49.959999084472656,48.16999816894531,917100.0,28.477489471435547
2014-05-02,49.16999816894531,47.54999923706055,48.189998626708984,48.400001525878906,438400.0,28.613460540771484
2014-05-05,49.45000076293945,48.18000030517578,48.25,48.849998474121094,417800.0,28.879493713378906
2014-05-06,50.0,48.54999923706055,48.93000030517578,49.0099983215332,358100.0,28.974088668823242
2014-05-07,49.75,48.66999816894531,49.20000076293945,49.16999816894531,632800.0,29.06867790222168
2014-05-08,48.560001373291016,47.0,48.349998474121094,47.41999816894531,485300.0,28.468338012695312
2014-05-09,47.4900016784668,45.79999923706055,47.16999816894531,46.04999923706055,338200.0,27.645862579345703
2014-05-12,47.869998931884766,46.279998779296875,46.279998779296875,47.27000045776367,285500.0,28.378286361694336
2014-05-13,48.02000045776367,46.88999938964844,47.029998779296875,47.66999816894531,437300.0,28.61841583251953
2014-05-14,48.16999816894531,47.0,47.66999816894531,47.209999084472656,313700.0,28.342267990112305
2014-05-15,47.099998474121094,45.599998474121094,46.86000061035156,46.58000183105469,301000.0,27.964038848876953
2014-05-16,46.68000030517578,45.65999984741211,46.630001068115234,46.36000061035156,233500.0,27.83197021484375
2014-05-19,47.29999923706055,46.38999938964844,46.5,46.720001220703125,325200.0,28.048091888427734
2014-05-20,47.08000183105469,46.36000061035156,46.58000183105469,46.529998779296875,173100.0,27.934024810791016
2014-05-21,46.95000076293945,46.040000915527344,46.86000061035156,46.439998626708984,294800.0,27.879995346069336
2014-05-22,46.90999984741211,46.11000061035156,46.439998626708984,46.470001220703125,273500.0,27.89800453186035
2014-05-23,46.47999954223633,45.13999938964844,46.47999954223633,45.689998626708984,344400.0,27.429733276367188
2014-05-27,46.13999938964844,45.0099983215332,46.06999969482422,45.689998626708984,285000.0,27.429733276367188
2014-05-28,47.150001525878906,45.29999923706055,45.66999816894531,47.029998779296875,412800.0,28.234201431274414
2014-05-29,47.810001373291016,46.470001220703125,47.150001525878906,47.7599983215332,256400.0,28.672447204589844
2014-05-30,47.86000061035156,46.790000915527344,47.709999084472656,47.060001373291016,190800.0,28.252216339111328
2014-06-02,47.75,46.2599983215332,47.130001068115234,46.689998626708984,359000.0,28.030078887939453
2014-06-03,47.060001373291016,46.34000015258789,46.72999954223633,46.72999954223633,637200.0,28.054092407226562
2014-06-04,46.630001068115234,45.77000045776367,46.52000045776367,46.2400016784668,412700.0,27.759929656982422
2014-06-05,46.66999816894531,45.91999816894531,46.2400016784668,46.439998626708984,245000.0,27.879995346069336
2014-06-06,46.689998626708984,46.099998474121094,46.439998626708984,46.459999084472656,219200.0,27.892000198364258
2014-06-09,47.45000076293945,46.34000015258789,46.43000030517578,46.93000030517578,209800.0,28.174161911010742
2014-06-10,46.959999084472656,45.810001373291016,46.959999084472656,45.939998626708984,278400.0,27.57982063293457
2014-06-11,46.529998779296875,45.7599983215332,45.81999969482422,46.5,195600.0,27.916019439697266
2014-06-12,48.0,46.560001373291016,46.61000061035156,48.0,352100.0,28.816543579101562
2014-06-13,48.150001525878906,47.31999969482422,48.0,47.9900016784668,272100.0,28.810527801513672
2014-06-16,48.470001220703125,47.93000030517578,48.040000915527344,48.15999984741211,230300.0,28.91259002685547
2014-06-17,49.18000030517578,47.86000061035156,48.060001373291016,49.150001525878906,291600.0,29.506929397583008
2014-06-18,49.4900016784668,48.630001068115234,49.25,49.43000030517578,217900.0,29.675029754638672
2014-06-19,50.11000061035156,49.099998474121094,49.66999816894531,49.97999954223633,242900.0,30.005216598510742
2014-06-20,50.650001525878906,49.599998474121094,49.95000076293945,50.38999938964844,397900.0,30.251367568969727
2014-06-23,51.439998626708984,50.0,50.58000183105469,50.650001525878906,346300.0,30.40744400024414
2014-06-24,50.849998474121094,48.869998931884766,50.5,48.900001525878906,348300.0,29.356840133666992
2014-06-25,48.310001373291016,46.79999923706055,47.18000030517578,47.7599983215332,528000.0,28.672447204589844
2014-06-26,48.31999969482422,47.22999954223633,47.849998474121094,48.119998931884766,333300.0,28.888572692871094
2014-06-27,48.369998931884766,47.349998474121094,48.06999969482422,48.29999923706055,434700.0,28.996627807617188
2014-06-30,48.63999938964844,47.529998779296875,48.2400016784668,48.189998626708984,316600.0,28.93059539794922
2014-07-01,48.95000076293945,48.06999969482422,48.52000045776367,48.380001068115234,229900.0,29.044668197631836
2014-07-02,49.619998931884766,48.540000915527344,48.54999923706055,49.56999969482422,428700.0,29.759071350097656
2014-07-03,49.88999938964844,49.189998626708984,49.650001525878906,49.7400016784668,358300.0,29.86113166809082
2014-07-07,49.709999084472656,48.529998779296875,49.650001525878906,48.61000061035156,279000.0,29.182748794555664
2014-07-08,48.72999954223633,47.58000183105469,48.65999984741211,47.689998626708984,445200.0,28.63042640686035
2014-07-09,48.15999984741211,47.130001068115234,47.66999816894531,47.31999969482422,388600.0,28.40829849243164
2014-07-10,47.650001525878906,46.34000015258789,47.0,47.63999938964844,396700.0,28.600412368774414
2014-07-11,48.33000183105469,46.880001068115234,47.349998474121094,48.25,300300.0,28.96661949157715
2014-07-14,48.54999923706055,47.689998626708984,48.43000030517578,48.15999984741211,299400.0,28.91259002685547
2014-07-15,49.2400016784668,48.06999969482422,48.43000030517578,49.13999938964844,415300.0,29.500930786132812
2014-07-16,49.4900016784668,48.119998931884766,49.41999816894531,48.47999954223633,311700.0,29.10469627380371
2014-07-17,49.40999984741211,47.75,49.349998474121094,48.02000045776367,583600.0,28.828536987304688
2014-07-18,49.52000045776367,48.34000015258789,48.5,49.4900016784668,449100.0,29.711040496826172
2014-07-21,50.0,48.880001068115234,49.560001373291016,49.599998474121094,457500.0,29.777082443237305
2014-07-22,50.650001525878906,49.689998626708984,50.060001373291016,50.650001525878906,526500.0,30.40744400024414
2014-07-23,50.9900016784668,50.25,50.849998474121094,50.79999923706055,722900.0,30.49749755859375
2014-07-24,48.77000045776367,47.88999938964844,48.77000045776367,48.52000045776367,735100.0,30.322513580322266
2014-07-25,48.77000045776367,48.029998779296875,48.630001068115234,48.439998626708984,366800.0,30.272512435913086
2014-07-28,48.7400016784668,47.5099983215332,48.59000015258789,47.83000183105469,297900.0,29.891300201416016
2014-07-29,48.0,47.02000045776367,47.95000076293945,47.560001373291016,393100.0,29.72256851196289
2014-07-30,48.290000915527344,46.900001525878906,47.900001525878906,47.27000045776367,470000.0,29.541330337524414
2014-07-31,48.5,45.790000915527344,47.029998779296875,47.08000183105469,517500.0,29.422588348388672
2014-08-01,47.36000061035156,46.09000015258789,47.15999984741211,46.869998931884766,288200.0,29.291345596313477
2014-08-04,47.130001068115234,46.15999984741211,47.029998779296875,46.540000915527344,298600.0,29.085121154785156
2014-08-05,46.70000076293945,45.630001068115234,46.4900016784668,46.0099983215332,262700.0,28.753890991210938
2014-08-06,46.9900016784668,46.0099983215332,46.33000183105469,46.630001068115234,264600.0,29.141361236572266
2014-08-07,46.59000015258789,45.5,46.029998779296875,45.93000030517578,290300.0,29.17311668395996
2014-08-08,47.54999923706055,45.7599983215332,46.04999923706055,47.189998626708984,340700.0,29.973421096801758
2014-08-11,48.290000915527344,46.9900016784668,47.16999816894531,47.029998779296875,245200.0,29.871795654296875
2014-08-12,47.41999816894531,46.779998779296875,47.02000045776367,46.9900016784668,229100.0,29.846389770507812
2014-08-13,47.43000030517578,46.310001373291016,47.33000183105469,47.220001220703125,288300.0,29.992473602294922
2014-08-14,47.56999969482422,46.75,47.189998626708984,47.130001068115234,230800.0,29.93531036376953
2014-08-15,47.86000061035156,47.06999969482422,47.34000015258789,47.36000061035156,255200.0,30.081403732299805
2014-08-18,48.400001525878906,47.439998626708984,47.619998931884766,48.029998779296875,362700.0,30.506959915161133
2014-08-19,49.22999954223633,48.150001525878906,48.150001525878906,48.70000076293945,481900.0,30.932519912719727
2014-08-20,49.0,48.529998779296875,48.75,48.9900016784668,337300.0,31.116722106933594
2014-08-21,49.88999938964844,48.720001220703125,49.0,48.939998626708984,388800.0,31.084959030151367
2014-08-22,49.29999923706055,48.70000076293945,49.0,49.18000030517578,267500.0,31.237409591674805
2014-08-25,49.790000915527344,48.52000045776367,49.2599983215332,49.45000076293945,215900.0,31.40889549255371
2014-08-26,49.88999938964844,49.25,49.43000030517578,49.529998779296875,296300.0,31.459707260131836
2014-08-27,49.720001220703125,49.040000915527344,49.66999816894531,49.130001068115234,150000.0,31.205642700195312
2014-08-28,49.880001068115234,48.810001373291016,48.95000076293945,49.720001220703125,263500.0,31.580394744873047
2014-08-29,49.970001220703125,49.29999923706055,49.599998474121094,49.630001068115234,316100.0,31.523225784301758
2014-09-02,50.5,49.650001525878906,49.68000030517578,50.41999816894531,331200.0,32.02500915527344
2014-09-03,50.959999084472656,50.36000061035156,50.84000015258789,50.7599983215332,384400.0,32.24095153808594
2014-09-04,50.709999084472656,49.689998626708984,50.65999984741211,50.20000076293945,322500.0,31.885269165039062
2014-09-05,50.68000030517578,49.61000061035156,50.06999969482422,50.599998474121094,443400.0,32.13934326171875
2014-09-08,50.54999923706055,50.029998779296875,50.400001525878906,50.540000915527344,258900.0,32.10123062133789
2014-09-09,50.72999954223633,49.63999938964844,50.34000015258789,49.66999816894531,302500.0,31.548629760742188
2014-09-10,49.88999938964844,48.29999923706055,49.810001373291016,48.90999984741211,326500.0,31.065908432006836
2014-09-11,49.41999816894531,48.130001068115234,48.54999923706055,48.459999084472656,494400.0,30.780078887939453
2014-09-12,48.88999938964844,47.5,48.400001525878906,47.849998474121094,341200.0,30.39263916015625
2014-09-15,48.400001525878906,47.43000030517578,47.93000030517578,48.18000030517578,267800.0,30.602235794067383
2014-09-16,49.31999969482422,47.97999954223633,47.97999954223633,48.310001373291016,330300.0,30.684814453125
2014-09-17,48.470001220703125,47.65999984741211,48.459999084472656,47.93000030517578,209600.0,30.443450927734375
2014-09-18,48.130001068115234,46.810001373291016,47.97999954223633,46.90999984741211,334500.0,29.795578002929688
2014-09-19,47.38999938964844,46.52000045776367,46.959999084472656,46.7400016784668,472400.0,29.687604904174805
2014-09-22,46.709999084472656,45.880001068115234,46.5099983215332,46.060001373291016,453000.0,29.255685806274414
2014-09-23,46.869998931884766,45.220001220703125,46.060001373291016,45.650001525878906,364500.0,28.995271682739258
2014-09-24,46.36000061035156,44.880001068115234,45.4900016784668,46.220001220703125,314500.0,29.35731315612793
2014-09-25,46.130001068115234,44.599998474121094,46.130001068115234,44.970001220703125,344300.0,28.5633602142334
2014-09-26,45.70000076293945,44.84000015258789,45.02000045776367,45.5,493900.0,28.900005340576172
2014-09-29,45.31999969482422,44.63999938964844,45.09000015258789,45.0099983215332,419300.0,28.58876609802246
2014-09-30,45.459999084472656,44.25,45.04999923706055,44.72999954223633,487000.0,28.410921096801758
2014-10-01,45.2400016784668,44.31999969482422,44.72999954223633,44.4900016784668,539200.0,28.258480072021484
2014-10-02,44.529998779296875,43.099998474121094,44.36000061035156,44.06999969482422,1215100.0,27.9917049407959
2014-10-03,44.209999084472656,42.59000015258789,44.209999084472656,43.290000915527344,423300.0,27.49628448486328
2014-10-06,43.58000183105469,42.5099983215332,43.40999984741211,43.0099983215332,201700.0,27.318431854248047
2014-10-07,43.84000015258789,42.599998474121094,42.7599983215332,42.63999938964844,254600.0,27.083425521850586
2014-10-08,43.2599983215332,41.849998474121094,42.599998474121094,43.09000015258789,603200.0,27.369247436523438
2014-10-09,43.630001068115234,41.54999923706055,43.290000915527344,41.849998474121094,515800.0,26.58164405822754
2014-10-10,42.90999984741211,41.150001525878906,41.90999984741211,41.970001220703125,938600.0,26.657867431640625
2014-10-13,42.90999984741211,41.41999816894531,41.81999969482422,41.45000076293945,594400.0,26.32758140563965
2014-10-14,42.7599983215332,40.31999969482422,41.439998626708984,41.34000015258789,443400.0,26.257715225219727
2014-10-15,41.5,39.56999969482422,40.86000061035156,40.88999938964844,544500.0,25.971885681152344
2014-10-16,42.650001525878906,40.68000030517578,41.29999923706055,42.20000076293945,768700.0,26.803951263427734
2014-10-17,42.75,41.79999923706055,42.650001525878906,42.66999816894531,631800.0,27.10247802734375
2014-10-20,42.75,41.70000076293945,42.43000030517578,42.650001525878906,429000.0,27.089771270751953
2014-10-21,44.7599983215332,42.709999084472656,43.060001373291016,44.70000076293945,413100.0,28.39185905456543
2014-10-22,45.13999938964844,43.22999954223633,44.7599983215332,43.310001373291016,320600.0,27.508987426757812
2014-10-23,45.16999816894531,43.709999084472656,43.869998931884766,45.029998779296875,438400.0,28.601470947265625
2014-10-24,45.2599983215332,44.5099983215332,45.06999969482422,45.2599983215332,449300.0,28.7475528717041
2014-10-27,45.5,44.61000061035156,44.91999816894531,45.47999954223633,593000.0,28.88728904724121
2014-10-28,47.709999084472656,45.150001525878906,45.150001525878906,47.650001525878906,614600.0,30.26561164855957
2014-10-29,48.09000015258789,46.369998931884766,48.0099983215332,47.20000076293945,491400.0,29.979782104492188
2014-10-30,47.779998779296875,46.310001373291016,47.220001220703125,47.599998474121094,277900.0,30.233840942382812
2014-10-31,48.58000183105469,46.34000015258789,46.61000061035156,48.58000183105469,441100.0,30.856311798095703
2014-11-03,49.63999938964844,48.15999984741211,48.56999969482422,48.650001525878906,474100.0,30.9007625579834
2014-11-04,49.029998779296875,48.18000030517578,48.2599983215332,48.72999954223633,302100.0,30.951581954956055
2014-11-05,49.2400016784668,48.09000015258789,48.88999938964844,48.40999984741211,442900.0,30.74832534790039
2014-11-06,47.880001068115234,46.900001525878906,47.33000183105469,47.810001373291016,337200.0,30.84510040283203
2014-11-07,49.08000183105469,47.56999969482422,47.7400016784668,48.90999984741211,407700.0,31.554773330688477
2014-11-10,49.349998474121094,47.40999984741211,49.09000015258789,47.52000045776367,400600.0,30.658002853393555
2014-11-11,48.189998626708984,47.20000076293945,47.52000045776367,47.79999923706055,339100.0,30.83864974975586
2014-11-12,48.560001373291016,47.63999938964844,47.68000030517578,48.02000045776367,396800.0,30.9805850982666
2014-11-13,47.84000015258789,46.95000076293945,47.81999969482422,47.099998474121094,566600.0,30.38703155517578
2014-11-14,47.75,46.9900016784668,46.9900016784668,47.619998931884766,323100.0,30.72252082824707
2014-11-17,48.529998779296875,47.2400016784668,47.2400016784668,47.79999923706055,341400.0,30.83864974975586
2014-11-18,48.18000030517578,47.130001068115234,47.869998931884766,47.150001525878906,749700.0,30.419300079345703
2014-11-19,47.84000015258789,46.9900016784668,47.189998626708984,47.13999938964844,309900.0,30.412841796875
2014-11-20,47.90999984741211,47.150001525878906,47.150001525878906,47.81999969482422,258700.0,30.85154914855957
2014-11-21,48.68000030517578,47.88999938964844,48.209999084472656,48.150001525878906,410700.0,31.064456939697266
2014-11-24,48.709999084472656,48.25,48.25,48.54999923706055,261100.0,31.3225154876709
2014-11-25,48.849998474121094,48.36000061035156,48.709999084472656,48.650001525878906,333400.0,31.387033462524414
2014-11-26,48.84000015258789,48.310001373291016,48.459999084472656,48.40999984741211,234800.0,31.23219871520996
2014-11-28,48.34000015258789,46.5099983215332,48.310001373291016,46.540000915527344,1039600.0,30.025753021240234
2014-12-01,47.09000015258789,45.04999923706055,46.5,45.400001525878906,612500.0,29.29026222229004
2014-12-02,46.630001068115234,45.029998779296875,45.38999938964844,46.369998931884766,414400.0,29.91606903076172
2014-12-03,47.04999923706055,46.36000061035156,46.40999984741211,46.56999969482422,379600.0,30.045101165771484
2014-12-04,46.86000061035156,45.31999969482422,46.13999938964844,45.40999984741211,353100.0,29.296716690063477
2014-12-05,45.40999984741211,43.349998474121094,45.33000183105469,43.45000076293945,401200.0,28.03220558166504
2014-12-08,43.529998779296875,41.08000183105469,43.04999923706055,41.209999084472656,462600.0,26.587039947509766
2014-12-09,41.900001525878906,40.0099983215332,40.95000076293945,41.849998474121094,490400.0,26.99994468688965
2014-12-10,41.15999984741211,39.52000045776367,41.15999984741211,39.75,551300.0,25.64510726928711
2014-12-11,40.36000061035156,39.27000045776367,39.75,39.630001068115234,372500.0,25.567689895629883
2014-12-12,40.029998779296875,38.400001525878906,39.97999954223633,39.40999984741211,435400.0,25.42575454711914
2014-12-15,39.93000030517578,37.16999816894531,39.689998626708984,37.630001068115234,653400.0,24.277368545532227
2014-12-16,40.09000015258789,36.70000076293945,37.13999938964844,38.439998626708984,595000.0,24.799951553344727
2014-12-17,40.29999923706055,38.529998779296875,38.59000015258789,39.4900016784668,382400.0,25.477367401123047
2014-12-18,40.95000076293945,38.720001220703125,40.09000015258789,38.9900016784668,547600.0,25.15479278564453
2014-12-19,40.630001068115234,39.06999969482422,39.06999969482422,40.380001068115234,578600.0,26.051565170288086
2014-12-22,40.58000183105469,39.45000076293945,40.18000030517578,39.709999084472656,283100.0,25.61930274963379
2014-12-23,40.58000183105469,39.40999984741211,40.029998779296875,39.619998931884766,380600.0,25.561243057250977
2014-12-24,40.29999923706055,39.11000061035156,39.38999938964844,39.619998931884766,158300.0,25.561243057250977
2014-12-26,40.86000061035156,39.959999084472656,39.9900016784668,40.060001373291016,193900.0,25.845111846923828
2014-12-29,40.4900016784668,39.2400016784668,40.18000030517578,39.459999084472656,186400.0,25.4580135345459
2014-12-30,39.810001373291016,38.400001525878906,39.40999984741211,39.119998931884766,195100.0,25.238658905029297
2014-12-31,39.279998779296875,38.459999084472656,39.0099983215332,38.709999084472656,241300.0,24.974140167236328
2015-01-02,39.95000076293945,38.790000915527344,38.790000915527344,39.88999938964844,212700.0,25.735431671142578
2015-01-05,39.72999954223633,38.20000076293945,39.459999084472656,38.529998779296875,387400.0,24.858015060424805
2015-01-06,39.43000030517578,37.529998779296875,38.66999816894531,38.08000183105469,332500.0,24.567699432373047
2015-01-07,39.20000076293945,37.5,38.65999984741211,37.65999984741211,312300.0,24.29672622680664
2015-01-08,39.63999938964844,37.779998779296875,37.959999084472656,39.54999923706055,428700.0,25.516077041625977
2015-01-09,39.599998474121094,38.5,39.5099983215332,38.58000183105469,294200.0,24.890270233154297
2015-01-12,38.52000045776367,36.65999984741211,38.5,36.959999084472656,302900.0,23.845109939575195
2015-01-13,37.22999954223633,34.2599983215332,36.97999954223633,34.93000030517578,515800.0,22.535442352294922
2015-01-14,34.61000061035156,33.02000045776367,34.560001373291016,34.400001525878906,378700.0,22.19350814819336
2015-01-15,34.619998931884766,33.40999984741211,34.619998931884766,33.439998626708984,244500.0,21.574146270751953
2015-01-16,34.5099983215332,33.70000076293945,33.77000045776367,34.09000015258789,232800.0,21.993505477905273
2015-01-20,34.95000076293945,33.58000183105469,34.290000915527344,34.880001068115234,291900.0,22.50318145751953
2015-01-21,35.72999954223633,34.880001068115234,34.88999938964844,35.61000061035156,269200.0,22.97414779663086
2015-01-22,36.540000915527344,35.58000183105469,35.9900016784668,36.22999954223633,348700.0,23.374149322509766
2015-01-23,37.349998474121094,35.7400016784668,35.86000061035156,37.16999816894531,333000.0,23.980600357055664
2015-01-26,37.77000045776367,36.86000061035156,37.310001373291016,37.369998931884766,238000.0,24.10962677001953
2015-01-27,38.0,36.7400016784668,36.95000076293945,37.970001220703125,241900.0,24.49672508239746
2015-01-28,38.06999969482422,37.290000915527344,38.0,37.529998779296875,355100.0,24.212854385375977
2015-01-29,38.09000015258789,36.400001525878906,37.86000061035156,37.029998779296875,517400.0,23.89027214050293
2015-01-30,38.68000030517578,36.810001373291016,36.810001373291016,38.31999969482422,346200.0,24.7225284576416
2015-02-02,39.029998779296875,37.689998626708984,38.16999816894531,38.97999954223633,318600.0,25.14833641052246
2015-02-03,40.58000183105469,39.209999084472656,39.209999084472656,40.2599983215332,385500.0,25.97413444519043
2015-02-04,40.08000183105469,38.869998931884766,39.88999938964844,39.65999984741211,383800.0,25.587053298950195
2015-02-05,40.5,39.61000061035156,40.0,40.099998474121094,215900.0,25.87091064453125
2015-02-06,40.5,39.97999954223633,40.130001068115234,40.41999816894531,211300.0,26.07736587524414
2015-02-09,40.900001525878906,40.20000076293945,40.5,40.2400016784668,345400.0,25.96124267578125
2015-02-10,40.7400016784668,40.029998779296875,40.52000045776367,40.689998626708984,382800.0,26.251556396484375
2015-02-11,40.779998779296875,40.209999084472656,40.310001373291016,40.400001525878906,373400.0,26.06446647644043
2015-02-12,41.7400016784668,40.439998626708984,40.709999084472656,41.540000915527344,467200.0,26.799942016601562
2015-02-13,42.38999938964844,41.0,41.060001373291016,41.52000045776367,381500.0,26.78704261779785
2015-02-17,41.58000183105469,40.310001373291016,41.380001068115234,41.4900016784668,424400.0,26.767690658569336
2015-02-18,41.9900016784668,40.75,40.75,41.880001068115234,446800.0,27.019302368164062
2015-02-19,40.08000183105469,37.560001373291016,39.5,38.709999084472656,883200.0,24.974140167236328
2015-02-20,40.38999938964844,38.61000061035156,38.810001373291016,40.2599983215332,545000.0,25.97413444519043
2015-02-23,42.349998474121094,40.2400016784668,40.29999923706055,41.970001220703125,463900.0,27.077369689941406
2015-02-24,42.2400016784668,41.09000015258789,42.08000183105469,41.290000915527344,279200.0,26.63865852355957
2015-02-25,41.689998626708984,41.0099983215332,41.29999923706055,41.20000076293945,275200.0,26.580591201782227
2015-02-26,41.5,40.33000183105469,40.83000183105469,41.220001220703125,233300.0,26.92019271850586
2015-02-27,42.02000045776367,40.900001525878906,41.2599983215332,41.9900016784668,595900.0,27.423072814941406
2015-03-02,41.81999969482422,40.79999923706055,41.810001373291016,40.900001525878906,575600.0,26.711210250854492
2015-03-03,41.5,40.90999984741211,41.119998931884766,41.29999923706055,324100.0,26.972444534301758
2015-03-04,41.439998626708984,40.619998931884766,41.0099983215332,41.060001373291016,255900.0,26.815698623657227
2015-03-05,41.790000915527344,40.79999923706055,41.380001068115234,41.59000015258789,311000.0,27.161832809448242
2015-03-06,41.75,39.97999954223633,41.13999938964844,40.040000915527344,271000.0,26.14955711364746
2015-03-09,40.90999984741211,39.939998626708984,40.15999984741211,39.95000076293945,288600.0,26.090778350830078
2015-03-10,39.88999938964844,38.459999084472656,39.52000045776367,38.810001373291016,321800.0,25.34626579284668
2015-03-11,39.380001068115234,38.2599983215332,38.95000076293945,39.02000045776367,244900.0,25.48340606689453
2015-03-12,39.40999984741211,38.38999938964844,39.220001220703125,38.540000915527344,278200.0,25.1699275970459
2015-03-13,39.11000061035156,38.099998474121094,38.41999816894531,38.95000076293945,222200.0,25.437692642211914
2015-03-16,39.63999938964844,38.16999816894531,38.84000015258789,39.58000183105469,325500.0,25.849132537841797
2015-03-17,39.86000061035156,38.880001068115234,39.349998474121094,39.63999938964844,267000.0,25.888317108154297
2015-03-18,41.599998474121094,39.310001373291016,39.560001373291016,41.41999816894531,346300.0,27.05080795288086
2015-03-19,41.25,40.439998626708984,41.08000183105469,40.63999938964844,273700.0,26.54140281677246
2015-03-20,41.349998474121094,40.59000015258789,40.59000015258789,40.95000076293945,324200.0,26.743858337402344
2015-03-23,41.959999084472656,41.0099983215332,41.0099983215332,41.56999969482422,289700.0,27.148780822753906
2015-03-24,41.959999084472656,41.0099983215332,41.470001220703125,41.7599983215332,316200.0,27.272865295410156
2015-03-25,42.4900016784668,41.88999938964844,41.959999084472656,42.04999923706055,376700.0,27.462255477905273
2015-03-26,42.9900016784668,41.83000183105469,42.9900016784668,42.0,243800.0,27.429607391357422
2015-03-27,42.36000061035156,41.09000015258789,42.11000061035156,41.369998931884766,364000.0,27.018156051635742
2015-03-30,43.060001373291016,41.290000915527344,41.41999816894531,43.0,323300.0,28.082687377929688
2015-03-31,43.209999084472656,42.13999938964844,42.470001220703125,42.560001373291016,227000.0,27.795330047607422
2015-04-01,43.459999084472656,42.529998779296875,42.66999816894531,42.66999816894531,290200.0,27.867164611816406
2015-04-02,43.06999969482422,40.5,42.47999954223633,40.650001525878906,319700.0,26.54793930053711
2015-04-06,41.40999984741211,40.06999969482422,40.849998474121094,40.959999084472656,237500.0,26.75039291381836
2015-04-07,41.290000915527344,40.599998474121094,41.130001068115234,40.630001068115234,355300.0,26.534879684448242
2015-04-08,40.88999938964844,40.150001525878906,40.619998931884766,40.18000030517578,411800.0,26.240989685058594
2015-04-09,40.5099983215332,39.540000915527344,40.18000030517578,39.58000183105469,351900.0,25.849132537841797
2015-04-10,40.4900016784668,39.540000915527344,39.77000045776367,40.439998626708984,195400.0,26.410791397094727
2015-04-13,40.75,39.41999816894531,40.75,39.869998931884766,315600.0,26.03853416442871
2015-04-14,40.31999969482422,39.630001068115234,40.0,39.900001525878906,232800.0,26.058124542236328
2015-04-15,40.5099983215332,40.18000030517578,40.220001220703125,40.4900016784668,271500.0,26.44344711303711
2015-04-16,41.36000061035156,39.959999084472656,40.209999084472656,41.119998931884766,276500.0,26.854888916015625
2015-04-17,40.869998931884766,40.130001068115234,40.869998931884766,40.15999984741211,214500.0,26.227922439575195
2015-04-20,40.95000076293945,40.16999816894531,40.29999923706055,40.41999816894531,118800.0,26.39772605895996
2015-04-21,41.02000045776367,40.310001373291016,40.599998474121094,40.36000061035156,209200.0,26.358545303344727
2015-04-22,41.5,40.189998626708984,40.619998931884766,41.310001373291016,210000.0,26.978981018066406
2015-04-23,41.790000915527344,40.90999984741211,41.43000030517578,41.529998779296875,154900.0,27.122652053833008
2015-04-24,42.59000015258789,41.630001068115234,41.630001068115234,42.56999969482422,140300.0,27.801860809326172
2015-04-27,42.70000076293945,40.95000076293945,42.70000076293945,41.16999816894531,333400.0,26.88753890991211
2015-04-28,41.709999084472656,41.119998931884766,41.209999084472656,41.22999954223633,299300.0,26.926725387573242
2015-04-29,41.77000045776367,41.150001525878906,41.34000015258789,41.150001525878906,340400.0,26.87448501586914
2015-04-30,41.83000183105469,39.939998626708984,41.2599983215332,40.040000915527344,744500.0,26.14955711364746
2015-05-01,41.75,40.09000015258789,40.09000015258789,41.66999816894531,457600.0,27.214080810546875
2015-05-04,41.689998626708984,40.060001373291016,41.68000030517578,40.380001068115234,599300.0,26.371606826782227
2015-05-05,40.59000015258789,40.099998474121094,40.38999938964844,40.209999084472656,389200.0,26.26058006286621
2015-05-06,40.470001220703125,39.40999984741211,40.33000183105469,39.790000915527344,521400.0,25.986286163330078
2015-05-07,39.4900016784668,38.68000030517578,39.310001373291016,39.02000045776367,378700.0,25.807703018188477
2015-05-08,40.029998779296875,38.34000015258789,39.5,39.77000045776367,230700.0,26.303756713867188
2015-05-11,39.77000045776367,39.040000915527344,39.65999984741211,39.349998474121094,274200.0,26.025968551635742
2015-05-12,39.63999938964844,38.9900016784668,39.2599983215332,39.16999816894531,143500.0,25.906917572021484
2015-05-13,39.779998779296875,39.06999969482422,39.130001068115234,39.5,185100.0,26.125179290771484
2015-05-14,40.33000183105469,39.58000183105469,39.709999084472656,40.18000030517578,208200.0,26.574932098388672
2015-05-15,40.25,39.529998779296875,39.79999923706055,40.06999969482422,234700.0,26.50217056274414
2015-05-18,40.689998626708984,39.529998779296875,40.150001525878906,40.52000045776367,272700.0,26.7997989654541
2015-05-19,40.560001373291016,39.380001068115234,40.560001373291016,39.400001525878906,221100.0,26.059036254882812
2015-05-20,39.81999969482422,39.04999923706055,39.459999084472656,39.63999938964844,248100.0,26.2177677154541
2015-05-21,40.349998474121094,39.63999938964844,39.9900016784668,40.2599983215332,251800.0,26.627840042114258
2015-05-22,40.459999084472656,39.81999969482422,40.150001525878906,40.11000061035156,152300.0,26.52863121032715
2015-05-26,39.849998474121094,38.470001220703125,39.68000030517578,38.619998931884766,261700.0,25.543142318725586
2015-05-27,39.040000915527344,37.470001220703125,38.84000015258789,37.68000030517578,488700.0,24.921438217163086
2015-05-28,38.36000061035156,37.40999984741211,37.529998779296875,38.310001373291016,294700.0,25.338117599487305
2015-05-29,38.90999984741211,38.11000061035156,38.33000183105469,38.7599983215332,584400.0,25.6357421875
2015-06-01,38.7599983215332,37.939998626708984,38.7599983215332,37.970001220703125,278400.0,25.11324119567871
2015-06-02,38.08000183105469,37.45000076293945,38.08000183105469,37.75,207200.0,24.96773338317871
2015-06-03,37.65999984741211,37.060001373291016,37.630001068115234,37.18000030517578,267400.0,24.590736389160156
2015-06-04,37.16999816894531,36.439998626708984,37.09000015258789,36.529998779296875,338500.0,24.160831451416016
2015-06-05,37.400001525878906,36.43000030517578,36.5,37.400001525878906,184200.0,24.73624610900879
2015-06-08,37.93000030517578,37.16999816894531,37.36000061035156,37.75,292800.0,24.96773338317871
2015-06-09,38.0,37.119998931884766,37.81999969482422,37.209999084472656,194200.0,24.610580444335938
2015-06-10,38.04999923706055,37.36000061035156,37.529998779296875,37.65999984741211,234600.0,24.908205032348633
2015-06-11,38.0099983215332,37.61000061035156,37.7599983215332,37.959999084472656,211600.0,25.106624603271484
2015-06-12,37.88999938964844,37.34000015258789,37.70000076293945,37.540000915527344,175300.0,24.828840255737305
2015-06-15,37.34000015258789,36.95000076293945,37.2400016784668,37.13999938964844,210200.0,24.564281463623047
2015-06-16,38.029998779296875,37.02000045776367,37.08000183105469,38.0,286200.0,25.13308334350586
2015-06-17,38.2400016784668,37.75,38.04999923706055,38.13999938964844,226900.0,25.22567367553711
2015-06-18,39.599998474121094,38.16999816894531,38.25,39.34000015258789,308100.0,26.019351959228516
2015-06-19,39.52000045776367,38.56999969482422,39.2400016784668,38.650001525878906,308600.0,25.5629940032959
2015-06-22,39.119998931884766,38.619998931884766,38.83000183105469,38.630001068115234,128700.0,25.54976463317871
2015-06-23,39.16999816894531,38.58000183105469,38.66999816894531,39.119998931884766,154200.0,25.873842239379883
2015-06-24,39.099998474121094,38.58000183105469,38.93000030517578,38.650001525878906,185100.0,25.5629940032959
2015-06-25,38.7599983215332,38.33000183105469,38.650001525878906,38.459999084472656,167100.0,25.43732452392578
2015-06-26,38.619998931884766,38.029998779296875,38.47999954223633,38.08000183105469,426800.0,25.185998916625977
2015-06-29,38.0099983215332,37.400001525878906,37.650001525878906,37.4900016784668,199600.0,24.795772552490234
2015-06-30,38.16999816894531,37.45000076293945,37.900001525878906,37.63999938964844,246000.0,24.89497947692871
2015-07-01,38.20000076293945,37.529998779296875,37.79999923706055,38.099998474121094,375100.0,25.199216842651367
2015-07-02,38.599998474121094,37.790000915527344,38.15999984741211,38.529998779296875,322100.0,25.48362159729004
2015-07-06,38.5099983215332,37.97999954223633,38.099998474121094,38.27000045776367,551000.0,25.311656951904297
2015-07-07,38.66999816894531,37.470001220703125,38.279998779296875,38.540000915527344,489100.0,25.490238189697266
2015-07-08,38.970001220703125,37.54999923706055,38.36000061035156,37.79999923706055,261000.0,25.000802993774414
2015-07-09,38.93000030517578,37.9900016784668,38.20000076293945,38.220001220703125,363200.0,25.278593063354492
2015-07-10,39.7400016784668,38.400001525878906,38.56999969482422,39.650001525878906,235600.0,26.22438621520996
2015-07-13,40.33000183105469,39.7400016784668,39.81999969482422,39.810001373291016,187800.0,26.330211639404297
2015-07-14,41.06999969482422,39.70000076293945,39.70000076293945,41.0,398100.0,27.117271423339844
2015-07-15,40.95000076293945,38.349998474121094,40.900001525878906,38.779998779296875,493500.0,25.648971557617188
2015-07-16,40.060001373291016,38.77000045776367,39.06999969482422,40.02000045776367,314600.0,26.469104766845703
2015-07-17,39.93000030517578,39.0,39.93000030517578,39.41999816894531,259900.0,26.072267532348633
2015-07-20,39.59000015258789,38.869998931884766,39.59000015258789,39.310001373291016,338700.0,25.999513626098633
2015-07-21,40.029998779296875,38.61000061035156,39.279998779296875,38.84000015258789,249400.0,25.68865966796875
2015-07-22,39.189998626708984,37.849998474121094,38.83000183105469,38.0,207000.0,25.13308334350586
2015-07-23,38.36000061035156,37.529998779296875,38.04999923706055,37.63999938964844,200900.0,24.89497947692871
2015-07-24,37.88999938964844,36.79999923706055,37.63999938964844,37.209999084472656,184800.0,24.610580444335938
2015-07-27,37.33000183105469,36.439998626708984,36.970001220703125,36.59000015258789,232400.0,24.200510025024414
2015-07-28,37.52000045776367,36.02000045776367,36.709999084472656,37.439998626708984,262500.0,24.7626953125
2015-07-29,37.91999816894531,36.79999923706055,37.43000030517578,37.779998779296875,321400.0,24.987577438354492
2015-07-30,38.31999969482422,37.130001068115234,37.79999923706055,37.4900016784668,340400.0,24.795772552490234
2015-07-31,38.97999954223633,37.040000915527344,37.61000061035156,38.22999954223633,435300.0,25.285200119018555
2015-08-03,39.20000076293945,37.61000061035156,38.33000183105469,38.54999923706055,469900.0,25.496854782104492
2015-08-04,39.59000015258789,38.45000076293945,38.84000015258789,39.58000183105469,333000.0,26.17809295654297
2015-08-05,40.779998779296875,39.4900016784668,39.970001220703125,39.880001068115234,328500.0,26.376508712768555
2015-08-06,41.380001068115234,39.0099983215332,39.470001220703125,41.209999084472656,472400.0,27.60222816467285
2015-08-07,41.52000045776367,40.0,41.16999816894531,40.060001373291016,298300.0,26.831972122192383
2015-08-10,41.93000030517578,40.20000076293945,40.20000076293945,41.880001068115234,303200.0,28.050992965698242
2015-08-11,42.68000030517578,40.83000183105469,41.4900016784668,42.61000061035156,277300.0,28.53994369506836
2015-08-12,43.630001068115234,42.11000061035156,42.2400016784668,43.290000915527344,308200.0,28.99540138244629
2015-08-13,43.619998931884766,42.470001220703125,43.11000061035156,42.630001068115234,244200.0,28.5533447265625
2015-08-14,42.900001525878906,42.22999954223633,42.22999954223633,42.4900016784668,203700.0,28.45957374572754
2015-08-17,43.130001068115234,41.83000183105469,42.38999938964844,42.869998931884766,187400.0,28.71409034729004
2015-08-18,42.97999954223633,42.40999984741211,42.720001220703125,42.59000015258789,164000.0,28.52654457092285
2015-08-19,42.630001068115234,41.70000076293945,42.38999938964844,42.060001373291016,263400.0,28.17156219482422
2015-08-20,42.2599983215332,41.099998474121094,41.66999816894531,41.36000061035156,211600.0,27.702699661254883
2015-08-21,41.060001373291016,39.369998931884766,40.970001220703125,39.369998931884766,379000.0,26.36980628967285
2015-08-24,37.970001220703125,36.060001373291016,37.099998474121094,37.20000076293945,471100.0,24.91635513305664
2015-08-25,38.540000915527344,36.709999084472656,38.310001373291016,36.779998779296875,349000.0,24.635034561157227
2015-08-26,38.22999954223633,36.93000030517578,37.54999923706055,38.209999084472656,266200.0,25.592849731445312
2015-08-27,39.95000076293945,38.040000915527344,39.4900016784668,39.11000061035156,397400.0,26.195669174194336
2015-08-28,40.06999969482422,38.209999084472656,39.36000061035156,39.540000915527344,320500.0,26.483678817749023
2015-08-31,40.52000045776367,39.02000045776367,39.2599983215332,40.209999084472656,320400.0,26.932432174682617
2015-09-01,39.40999984741211,38.16999816894531,38.9900016784668,38.459999084472656,403900.0,25.760292053222656
2015-09-02,39.43000030517578,37.66999816894531,39.0099983215332,38.97999954223633,261800.0,26.108591079711914
2015-09-03,39.95000076293945,38.91999816894531,38.959999084472656,39.209999084472656,237200.0,26.262638092041016
2015-09-04,38.97999954223633,38.34000015258789,38.5,38.66999816894531,235100.0,25.900951385498047
2015-09-08,40.0,38.209999084472656,40.0,39.9900016784668,248400.0,26.785083770751953
2015-09-09,40.97999954223633,39.4900016784668,40.150001525878906,39.599998474121094,278600.0,26.523862838745117
2015-09-10,40.540000915527344,39.099998474121094,39.75,40.2400016784668,201000.0,26.952531814575195
2015-09-11,40.599998474121094,39.83000183105469,40.16999816894531,40.599998474121094,249600.0,27.19365692138672
2015-09-14,40.7400016784668,39.119998931884766,40.599998474121094,39.43000030517578,254100.0,26.40999412536621
2015-09-15,40.70000076293945,39.439998626708984,39.56999969482422,40.470001220703125,269600.0,27.106584548950195
2015-09-16,41.16999816894531,40.099998474121094,40.72999954223633,41.130001068115234,301000.0,27.548654556274414
2015-09-17,42.029998779296875,40.43000030517578,41.22999954223633,41.150001525878906,205100.0,27.562042236328125
2015-09-18,41.52000045776367,40.20000076293945,40.22999954223633,40.52000045776367,596800.0,27.140071868896484
2015-09-21,41.2400016784668,40.220001220703125,40.650001525878906,40.27000045776367,254600.0,26.972625732421875
2015-09-22,41.150001525878906,39.5099983215332,39.84000015258789,41.08000183105469,237900.0,27.51516342163086
2015-09-23,42.25,40.43000030517578,41.369998931884766,41.029998779296875,239000.0,27.481670379638672
2015-09-24,41.29999923706055,40.25,40.79999923706055,41.2400016784668,180200.0,27.622329711914062
2015-09-25,41.560001373291016,40.75,41.540000915527344,41.18000030517578,279700.0,27.582138061523438
2015-09-28,41.47999954223633,38.75,40.75,39.20000076293945,206300.0,26.25594711303711
2015-09-29,40.40999984741211,38.650001525878906,39.630001068115234,38.84000015258789,279300.0,26.014820098876953
2015-09-30,41.08000183105469,39.310001373291016,39.310001373291016,41.04999923706055,410600.0,27.49506950378418
2015-10-01,42.4900016784668,41.06999969482422,41.16999816894531,42.119998931884766,417700.0,28.211750030517578
2015-10-02,42.70000076293945,41.08000183105469,41.5,42.41999816894531,277900.0,28.412677764892578
2015-10-05,43.650001525878906,42.56999969482422,42.97999954223633,43.459999084472656,384600.0,29.109268188476562
2015-10-06,44.18000030517578,42.880001068115234,43.540000915527344,43.2599983215332,398100.0,28.97531509399414
2015-10-07,44.2400016784668,42.689998626708984,44.060001373291016,43.310001373291016,324700.0,29.008804321289062
2015-10-08,44.2400016784668,43.060001373291016,43.060001373291016,43.81999969482422,310600.0,29.350399017333984
2015-10-09,44.15999984741211,41.880001068115234,43.88999938964844,42.689998626708984,436800.0,28.593521118164062
2015-10-12,43.150001525878906,42.130001068115234,42.86000061035156,43.06999969482422,250400.0,28.848052978515625
2015-10-13,43.22999954223633,42.400001525878906,42.7599983215332,42.79999923706055,426900.0,28.667207717895508
2015-10-14,43.09000015258789,42.2599983215332,42.77000045776367,42.36000061035156,207000.0,28.372495651245117
2015-10-15,43.4900016784668,41.689998626708984,42.459999084472656,43.29999923706055,266800.0,29.002098083496094
2015-10-16,43.79999923706055,43.11000061035156,43.33000183105469,43.79999923706055,355800.0,29.336997985839844
2015-10-19,43.75,41.790000915527344,43.75,42.09000015258789,301800.0,28.191652297973633
2015-10-20,41.959999084472656,41.16999816894531,41.880001068115234,41.630001068115234,355400.0,27.883548736572266
2015-10-21,41.650001525878906,40.33000183105469,41.650001525878906,41.09000015258789,308400.0,27.521854400634766
2015-10-22,41.650001525878906,40.43000030517578,41.650001525878906,41.040000915527344,304700.0,27.488370895385742
2015-10-23,41.88999938964844,40.91999816894531,41.52000045776367,41.88999938964844,219700.0,28.05769157409668
2015-10-26,42.20000076293945,41.40999984741211,41.84000015258789,41.5099983215332,225000.0,27.80316925048828
2015-10-27,41.7599983215332,40.75,41.22999954223633,41.45000076293945,249500.0,27.762985229492188
2015-10-28,42.47999954223633,41.2400016784668,41.61000061035156,42.459999084472656,325700.0,28.439472198486328
2015-10-29,43.939998626708984,41.0,41.0,43.650001525878906,441300.0,29.236536026000977
2015-10-30,44.619998931884766,42.220001220703125,43.70000076293945,44.459999084472656,504200.0,29.779064178466797
2015-11-02,45.95000076293945,44.09000015258789,44.27000045776367,45.54999923706055,295500.0,30.509143829345703
2015-11-03,47.09000015258789,45.04999923706055,45.2400016784668,46.849998474121094,290100.0,31.379863739013672
2015-11-04,47.15999984741211,46.02000045776367,46.88999938964844,46.27000045776367,483900.0,30.99139404296875
2015-11-05,46.2400016784668,45.209999084472656,45.689998626708984,45.75,318500.0,30.977848052978516
2015-11-06,45.90999984741211,44.90999984741211,45.4900016784668,45.09000015258789,405700.0,30.530960083007812
2015-11-09,45.58000183105469,44.380001068115234,45.099998474121094,44.970001220703125,385500.0,30.44969940185547
2015-11-10,45.06999969482422,44.11000061035156,44.790000915527344,44.36000061035156,418600.0,30.036664962768555
2015-11-11,44.650001525878906,43.13999938964844,44.2599983215332,43.18000030517578,543700.0,29.237672805786133
2015-11-12,43.630001068115234,41.68000030517578,42.810001373291016,41.79999923706055,474300.0,28.303258895874023
2015-11-13,42.279998779296875,41.0,41.75,41.97999954223633,440300.0,28.425132751464844
2015-11-16,42.43000030517578,41.2400016784668,41.86000061035156,42.18000030517578,356800.0,28.560558319091797
2015-11-17,43.25,41.75,42.04999923706055,43.09000015258789,383400.0,29.176734924316406
2015-11-18,44.25,43.209999084472656,43.279998779296875,44.099998474121094,275800.0,29.860620498657227
2015-11-19,45.13999938964844,43.54999923706055,44.09000015258789,44.709999084472656,241500.0,30.273649215698242
2015-11-20,45.7400016784668,44.56999969482422,44.849998474121094,45.61000061035156,404800.0,30.883060455322266
2015-11-23,46.939998626708984,45.2599983215332,45.689998626708984,46.91999816894531,481100.0,31.77008056640625
2015-11-24,47.97999954223633,46.439998626708984,46.880001068115234,47.630001068115234,436700.0,32.25081253051758
2015-11-25,48.0099983215332,47.38999938964844,47.4900016784668,47.47999954223633,173200.0,32.14925003051758
2015-11-27,48.040000915527344,47.04999923706055,47.25,47.84000015258789,165400.0,32.39300537109375
2015-11-30,48.369998931884766,47.709999084472656,47.93000030517578,47.75,444300.0,32.33207702636719
2015-12-01,47.849998474121094,46.0,47.4900016784668,47.369998931884766,460800.0,32.074771881103516
2015-12-02,46.91999816894531,45.650001525878906,46.84000015258789,46.060001373291016,445500.0,31.187755584716797
2015-12-03,46.529998779296875,45.34000015258789,46.220001220703125,45.61000061035156,328200.0,30.883060455322266
2015-12-04,45.939998626708984,44.540000915527344,45.45000076293945,44.970001220703125,271300.0,30.44969940185547
2015-12-07,44.5099983215332,42.5,44.5099983215332,43.029998779296875,446500.0,29.136110305786133
2015-12-08,43.209999084472656,41.65999984741211,41.720001220703125,42.97999954223633,366600.0,29.102252960205078
2015-12-09,44.16999816894531,42.470001220703125,43.02000045776367,43.060001373291016,338800.0,29.15641975402832
2015-12-10,43.880001068115234,42.11000061035156,42.61000061035156,43.470001220703125,368600.0,29.434040069580078
2015-12-11,42.90999984741211,41.22999954223633,42.63999938964844,41.54999923706055,364800.0,28.13397789001465
2015-12-14,41.380001068115234,39.869998931884766,41.150001525878906,40.16999816894531,381000.0,27.199569702148438
2015-12-15,41.45000076293945,39.849998474121094,41.119998931884766,40.310001373291016,321100.0,27.29436683654785
2015-12-16,40.779998779296875,39.77000045776367,40.22999954223633,40.52000045776367,273300.0,27.436559677124023
2015-12-17,40.970001220703125,39.470001220703125,40.5099983215332,39.4900016784668,496100.0,26.73912811279297
2015-12-18,39.779998779296875,38.79999923706055,39.279998779296875,39.18000030517578,959800.0,26.529232025146484
2015-12-21,39.52000045776367,38.45000076293945,39.25,39.29999923706055,347800.0,26.610483169555664
2015-12-22,40.119998931884766,39.189998626708984,39.349998474121094,39.849998474121094,216800.0,26.98288917541504
2015-12-23,40.97999954223633,39.93000030517578,40.18000030517578,40.91999816894531,187000.0,27.70740509033203
2015-12-24,41.31999969482422,40.47999954223633,40.939998626708984,40.93000030517578,91900.0,27.714176177978516
2015-12-28,40.72999954223633,39.54999923706055,40.61000061035156,39.709999084472656,256800.0,26.88809585571289
2015-12-29,40.47999954223633,39.599998474121094,40.150001525878906,40.11000061035156,208400.0,27.1589412689209
2015-12-30,40.41999816894531,39.439998626708984,39.61000061035156,40.02000045776367,145500.0,27.097999572753906
2015-12-31,39.75,38.79999923706055,39.7400016784668,39.349998474121094,184500.0,26.64433479309082
2016-01-04,38.97999954223633,37.470001220703125,38.880001068115234,37.959999084472656,402200.0,25.703149795532227
2016-01-05,38.83000183105469,37.970001220703125,37.970001220703125,38.720001220703125,405000.0,26.217754364013672
2016-01-06,38.31999969482422,37.040000915527344,37.7599983215332,37.72999954223633,385600.0,25.547414779663086
2016-01-07,37.66999816894531,36.56999969482422,36.7400016784668,37.279998779296875,327000.0,25.242713928222656
2016-01-08,37.849998474121094,36.56999969482422,37.38999938964844,36.720001220703125,345300.0,24.86353302001953
2016-01-11,37.9900016784668,36.77000045776367,36.88999938964844,37.2599983215332,393000.0,25.22917366027832
2016-01-12,38.31999969482422,36.16999816894531,37.61000061035156,37.29999923706055,511500.0,25.25625991821289
2016-01-13,37.9900016784668,34.400001525878906,37.68000030517578,34.97999954223633,385300.0,23.68535804748535
2016-01-14,36.72999954223633,34.529998779296875,35.220001220703125,36.630001068115234,281700.0,24.80259132385254
2016-01-15,35.9900016784668,34.88999938964844,35.81999969482422,35.40999984741211,175800.0,23.97651481628418
2016-01-19,35.869998931884766,34.04999923706055,35.75,34.77000045776367,364300.0,23.543161392211914
2016-01-20,34.16999816894531,32.65999984741211,33.72999954223633,33.7400016784668,527500.0,22.84574317932129
2016-01-21,34.349998474121094,33.22999954223633,33.81999969482422,33.72999954223633,680900.0,22.838970184326172
2016-01-22,37.02000045776367,33.72999954223633,33.95000076293945,36.77000045776367,618400.0,24.89739227294922
2016-01-25,36.939998626708984,35.36000061035156,35.65999984741211,35.36000061035156,426200.0,23.942659378051758
2016-01-26,35.7400016784668,34.709999084472656,35.150001525878906,35.38999938964844,337800.0,23.96297836303711
2016-01-27,35.38999938964844,33.52000045776367,35.38999938964844,33.56999969482422,326200.0,22.730634689331055
2016-01-28,34.7599983215332,33.119998931884766,34.56999969482422,33.560001373291016,371700.0,22.723859786987305
2016-01-29,35.08000183105469,33.189998626708984,33.58000183105469,35.02000045776367,384700.0,23.712438583374023
2016-02-01,34.72999954223633,33.779998779296875,34.22999954223633,34.0099983215332,417400.0,23.0285587310791
2016-02-02,33.52000045776367,32.2400016784668,33.52000045776367,32.43000030517578,382800.0,21.95872688293457
2016-02-03,32.97999954223633,31.020000457763672,32.97999954223633,31.84000015258789,439500.0,21.559228897094727
2016-02-04,33.04999923706055,31.309999465942383,31.719999313354492,31.510000228881836,295400.0,21.335783004760742
2016-02-05,31.829999923706055,29.790000915527344,31.479999542236328,29.829999923706055,304800.0,20.1982364654541
2016-02-08,29.610000610351562,27.700000762939453,29.280000686645508,28.479999542236328,469900.0,19.284133911132812
2016-02-09,28.479999542236328,27.360000610351562,27.93000030517578,27.6200008392334,530000.0,18.70182228088379
2016-02-10,28.280000686645508,27.270000457763672,28.200000762939453,27.690000534057617,492000.0,18.749216079711914
2016-02-11,27.1200008392334,24.8799991607666,26.920000076293945,25.899999618530273,551800.0,17.537187576293945
2016-02-12,27.25,26.299999237060547,26.59000015258789,26.600000381469727,361000.0,18.011165618896484
2016-02-16,27.299999237060547,26.290000915527344,26.93000030517578,26.860000610351562,385700.0,18.187213897705078
2016-02-17,27.739999771118164,26.809999465942383,27.270000457763672,27.15999984741211,600500.0,18.39034652709961
2016-02-18,28.170000076293945,24.600000381469727,27.690000534057617,24.709999084472656,673600.0,16.731426239013672
2016-02-19,24.56999969482422,23.030000686645508,24.110000610351562,23.959999084472656,676800.0,16.223587036132812
2016-02-22,24.739999771118164,23.93000030517578,24.350000381469727,23.989999771118164,766600.0,16.243900299072266
2016-02-23,24.440000534057617,22.719999313354492,24.0,22.799999237060547,530500.0,15.438142776489258
2016-02-24,23.989999771118164,22.049999237060547,22.309999465942383,23.959999084472656,943300.0,16.223587036132812
2016-02-25,23.450000762939453,22.100000381469727,23.450000762939453,22.709999084472656,564300.0,15.704935073852539
2016-02-26,23.670000076293945,22.260000228881836,23.209999084472656,22.309999465942383,497900.0,15.428317070007324
2016-02-29,23.700000762939453,22.360000610351562,22.479999542236328,23.649999618530273,829100.0,16.354984283447266
2016-03-01,24.1200008392334,23.059999465942383,23.809999465942383,23.75,566100.0,16.42413902282715
2016-03-02,24.170000076293945,23.329999923706055,23.799999237060547,23.780000686645508,258500.0,16.444887161254883
2016-03-03,24.68000030517578,23.6299991607666,24.010000228881836,24.559999465942383,348000.0,16.98428726196289
2016-03-04,24.8700008392334,23.59000015258789,24.68000030517578,23.799999237060547,603500.0,16.458715438842773
2016-03-07,24.799999237060547,23.600000381469727,23.770000457763672,24.799999237060547,584700.0,17.150257110595703
2016-03-08,24.829999923706055,23.520000457763672,24.770000457763672,23.559999465942383,567400.0,16.292743682861328
2016-03-09,25.75,23.760000228881836,23.799999237060547,25.010000228881836,882000.0,17.295482635498047
2016-03-10,25.350000381469727,24.450000762939453,24.920000076293945,25.18000030517578,675800.0,17.413043975830078
2016-03-11,26.440000534057617,24.799999237060547,25.68000030517578,26.260000228881836,602000.0,18.159910202026367
2016-03-14,26.540000915527344,24.709999084472656,25.829999923706055,24.84000015258789,617800.0,17.177921295166016
2016-03-15,25.299999237060547,24.030000686645508,25.139999389648438,25.09000015258789,690000.0,17.350807189941406
2016-03-16,26.739999771118164,25.049999237060547,25.049999237060547,26.360000610351562,660900.0,18.22906494140625
2016-03-17,26.729999542236328,25.940000534057617,26.079999923706055,26.1299991607666,481600.0,18.070009231567383
2016-03-18,26.75,25.770000457763672,26.260000228881836,26.200000762939453,747800.0,18.118417739868164
2016-03-21,26.200000762939453,25.59000015258789,26.200000762939453,26.079999923706055,272900.0,18.035432815551758
2016-03-22,26.8700008392334,25.739999771118164,25.899999618530273,26.8700008392334,375600.0,18.581756591796875
2016-03-23,26.75,25.670000076293945,26.639999389648438,25.739999771118164,498500.0,17.800308227539062
2016-03-24,26.260000228881836,25.030000686645508,25.59000015258789,26.209999084472656,343200.0,18.12533187866211
2016-03-28,26.459999084472656,25.760000228881836,26.290000915527344,25.950000762939453,469600.0,17.945531845092773
2016-03-29,26.25,25.25,25.829999923706055,26.020000457763672,496600.0,17.993942260742188
2016-03-30,26.389999389648438,25.8799991607666,26.31999969482422,26.059999465942383,465000.0,18.02159881591797
2016-03-31,26.260000228881836,25.010000228881836,25.8700008392334,26.100000381469727,719000.0,18.049264907836914
2016-04-01,25.799999237060547,24.6200008392334,25.799999237060547,24.899999618530273,523100.0,17.219411849975586
2016-04-04,25.079999923706055,24.299999237060547,24.90999984741211,24.81999969482422,536900.0,17.164091110229492
2016-04-05,24.780000686645508,24.020000457763672,24.600000381469727,24.3700008392334,1800200.0,16.852895736694336
2016-04-06,24.950000762939453,23.799999237060547,24.469999313354492,24.309999465942383,471600.0,16.811403274536133
2016-04-07,24.420000076293945,23.850000381469727,24.079999923706055,24.200000762939453,582200.0,16.73533058166504
2016-04-08,25.260000228881836,24.209999084472656,24.43000030517578,25.219999313354492,559300.0,17.440704345703125
2016-04-11,25.360000610351562,24.15999984741211,25.360000610351562,24.260000228881836,524200.0,16.776824951171875
2016-04-12,25.040000915527344,23.809999465942383,24.260000228881836,25.010000228881836,454100.0,17.295482635498047
2016-04-13,25.850000381469727,24.639999389648438,25.020000457763672,25.809999465942383,491800.0,17.84871482849121
2016-04-14,25.790000915527344,25.010000228881836,25.790000915527344,25.059999465942383,445500.0,17.330055236816406
2016-04-15,24.969999313354492,24.360000610351562,24.799999237060547,24.399999618530273,343900.0,16.873641967773438
2016-04-18,24.450000762939453,23.81999969482422,23.899999618530273,24.309999465942383,536100.0,16.811403274536133
2016-04-19,24.690000534057617,23.65999984741211,24.360000610351562,24.3700008392334,471100.0,16.852895736694336
2016-04-20,24.649999618530273,23.56999969482422,24.139999389648438,24.559999465942383,583500.0,16.98428726196289
2016-04-21,24.8799991607666,24.209999084472656,24.639999389648438,24.850000381469727,369400.0,17.184837341308594
2016-04-22,25.360000610351562,24.799999237060547,24.799999237060547,25.200000762939453,465500.0,17.426877975463867
2016-04-25,25.5,24.6200008392334,25.389999389648438,25.329999923706055,474400.0,17.51677703857422
2016-04-26,26.149999618530273,25.450000762939453,25.56999969482422,25.8799991607666,478100.0,17.897123336791992
2016-04-27,26.56999969482422,25.739999771118164,25.920000076293945,25.989999771118164,522800.0,17.973194122314453
2016-04-28,26.219999313354492,24.56999969482422,25.520000457763672,24.75,584600.0,17.115676879882812
2016-04-29,24.829999923706055,23.760000228881836,24.510000228881836,24.280000686645508,664500.0,16.790658950805664
2016-05-02,24.25,23.1200008392334,24.149999618530273,23.709999084472656,677400.0,16.39647102355957
2016-05-03,23.020000457763672,22.030000686645508,23.020000457763672,22.75,750400.0,15.732598304748535
2016-05-04,22.739999771118164,21.260000228881836,22.65999984741211,21.440000534057617,654300.0,14.826676368713379
2016-05-05,21.290000915527344,19.950000762939453,21.010000228881836,20.170000076293945,706100.0,14.281473159790039
2016-05-06,20.649999618530273,19.969999313354492,20.0,20.079999923706055,507000.0,14.217748641967773
2016-05-09,20.350000381469727,19.549999237060547,20.149999618530273,19.84000015258789,623700.0,14.04781436920166
2016-05-10,21.030000686645508,19.90999984741211,19.90999984741211,20.969999313354492,738700.0,14.847917556762695
2016-05-11,21.6200008392334,20.6299991607666,20.899999618530273,21.18000030517578,602900.0,14.99660873413086
2016-05-12,21.790000915527344,20.270000457763672,21.350000381469727,20.309999465942383,504500.0,14.380600929260254
2016-05-13,20.65999984741211,19.84000015258789,20.139999389648438,20.459999084472656,585200.0,14.486808776855469
2016-05-16,20.75,19.829999923706055,20.520000457763672,20.200000762939453,679300.0,14.302713394165039
2016-05-17,21.110000610351562,20.139999389648438,20.209999084472656,20.649999618530273,471400.0,14.62134075164795
2016-05-18,21.18000030517578,20.469999313354492,20.739999771118164,20.709999084472656,680100.0,14.663820266723633
2016-05-19,20.90999984741211,20.34000015258789,20.56999969482422,20.479999542236328,288700.0,14.500967979431152
2016-05-20,20.93000030517578,20.270000457763672,20.520000457763672,20.860000610351562,304300.0,14.770031929016113
2016-05-23,20.739999771118164,19.989999771118164,20.65999984741211,20.020000457763672,511900.0,14.17526626586914
2016-05-24,20.229999542236328,19.719999313354492,20.229999542236328,20.079999923706055,426200.0,14.217748641967773
2016-05-25,20.360000610351562,19.799999237060547,20.350000381469727,20.209999084472656,604700.0,14.309794425964355
2016-05-26,20.399999618530273,19.399999618530273,20.399999618530273,19.5,387300.0,13.807075500488281
2016-05-27,19.799999237060547,19.079999923706055,19.440000534057617,19.770000457763672,412100.0,13.99825382232666
2016-05-31,20.059999465942383,19.579999923706055,19.799999237060547,19.639999389648438,996500.0,13.906201362609863
2016-06-01,20.81999969482422,19.3700008392334,19.440000534057617,20.719999313354492,505900.0,14.670903205871582
2016-06-02,21.3700008392334,20.360000610351562,20.549999237060547,21.18000030517578,556600.0,14.99660873413086
2016-06-03,21.299999237060547,20.200000762939453,21.229999542236328,20.280000686645508,492600.0,14.359357833862305
2016-06-06,20.3700008392334,19.829999923706055,20.299999237060547,20.1200008392334,381000.0,14.246071815490723
2016-06-07,20.68000030517578,20.190000534057617,20.190000534057617,20.43000030517578,683700.0,14.465566635131836
2016-06-08,20.709999084472656,19.850000381469727,20.639999389648438,20.190000534057617,492600.0,14.295637130737305
2016-06-09,19.90999984741211,19.450000762939453,19.90999984741211,19.510000228881836,443300.0,13.814156532287598
2016-06-10,19.3799991607666,18.520000457763672,19.170000076293945,19.110000610351562,560700.0,13.53093433380127
2016-06-13,19.030000686645508,18.0,18.989999771118164,18.1299991607666,567100.0,12.837040901184082
2016-06-14,18.389999389648438,17.579999923706055,18.100000381469727,17.979999542236328,1111700.0,12.730831146240234
2016-06-15,18.600000381469727,17.530000686645508,17.690000534057617,17.950000762939453,608800.0,12.709589958190918
2016-06-16,17.799999237060547,17.40999984741211,17.799999237060547,17.700000762939453,456200.0,12.532577514648438
2016-06-17,18.219999313354492,17.1200008392334,17.829999923706055,17.25,914900.0,12.21395206451416
2016-06-20,17.65999984741211,16.969999313354492,17.6299991607666,17.010000228881836,811200.0,12.04401683807373
2016-06-21,17.43000030517578,16.489999771118164,17.020000457763672,17.329999923706055,1153300.0,12.27059555053711
2016-06-22,17.799999237060547,17.020000457763672,17.459999084472656,17.079999923706055,492600.0,12.093581199645996
2016-06-23,17.790000915527344,17.209999084472656,17.389999389648438,17.489999771118164,593900.0,12.383883476257324
2016-06-24,17.18000030517578,16.670000076293945,16.860000610351562,16.850000381469727,1924500.0,11.9307279586792
2016-06-27,16.65999984741211,15.289999961853027,16.610000610351562,15.65999984741211,1377400.0,11.088144302368164
2016-06-28,16.110000610351562,15.520000457763672,15.90999984741211,15.850000381469727,1115100.0,11.222673416137695
2016-06-29,16.239999771118164,15.680000305175781,15.90999984741211,15.779999732971191,1229400.0,11.173110961914062
2016-06-30,15.829999923706055,14.869999885559082,15.75,15.5,1105100.0,10.974855422973633
2016-07-01,15.90999984741211,15.40999984741211,15.449999809265137,15.850000381469727,782600.0,11.222673416137695
2016-07-05,15.75,14.890000343322754,15.6899995803833,15.600000381469727,1453000.0,11.045661926269531
2016-07-06,15.550000190734863,14.670000076293945,15.550000190734863,15.3100004196167,2626400.0,10.840325355529785
2016-07-07,15.949999809265137,14.479999542236328,15.5,14.479999542236328,1268700.0,10.252638816833496
2016-07-08,14.829999923706055,14.25,14.5600004196167,14.489999771118164,1358400.0,10.259718894958496
2016-07-11,14.970000267028809,14.239999771118164,14.720000267028809,14.40999984741211,1258400.0,10.203073501586914
2016-07-12,15.100000381469727,14.5600004196167,14.720000267028809,14.640000343322754,1254600.0,10.365927696228027
2016-07-13,14.819999694824219,14.199999809265137,14.640000343322754,14.3100004196167,859800.0,10.132268905639648
2016-07-14,14.529999732971191,14.0600004196167,14.420000076293945,14.09000015258789,840600.0,9.976496696472168
2016-07-15,14.34000015258789,13.859999656677246,14.199999809265137,14.069999694824219,828800.0,9.962335586547852
2016-07-18,14.369999885559082,13.649999618530273,13.989999771118164,14.170000076293945,811700.0,10.03314208984375
2016-07-19,14.279999732971191,14.0,14.1899995803833,14.180000305175781,451600.0,10.04022216796875
2016-07-20,14.470000267028809,13.869999885559082,14.15999984741211,14.270000457763672,756900.0,10.103947639465332
2016-07-21,14.40999984741211,13.90999984741211,14.300000190734863,13.9399995803833,877000.0,9.87028980255127
2016-07-22,14.010000228881836,13.6899995803833,13.949999809265137,13.970000267028809,554700.0,9.891530990600586
2016-07-25,14.039999961853027,13.479999542236328,13.90999984741211,13.699999809265137,811000.0,9.70035457611084
2016-07-26,14.319999694824219,13.600000381469727,13.649999618530273,14.260000228881836,819600.0,10.096866607666016
2016-07-27,14.84000015258789,13.949999809265137,14.390000343322754,14.09000015258789,1059700.0,9.976496696472168
2016-07-28,15.289999961853027,14.229999542236328,14.489999771118164,14.239999771118164,1319500.0,10.0827054977417
2016-07-29,14.8100004196167,13.5600004196167,14.239999771118164,14.800000190734863,1736200.0,10.479215621948242
2016-08-01,14.800000190734863,13.399999618530273,14.800000190734863,13.649999618530273,2439800.0,9.664952278137207
2016-08-02,14.130000114440918,13.59000015258789,13.699999809265137,13.760000228881836,1463600.0,9.742839813232422
2016-08-03,14.850000381469727,13.720000267028809,13.789999961853027,14.75,1974500.0,10.44381332397461
2016-08-04,14.5,13.869999885559082,14.050000190734863,13.899999618530273,1309200.0,10.187298774719238
2016-08-05,14.1899995803833,13.880000114440918,14.0,14.0,943900.0,10.260588645935059
2016-08-08,14.399999618530273,14.020000457763672,14.020000457763672,14.069999694824219,972100.0,10.311891555786133
2016-08-09,14.229999542236328,13.520000457763672,14.140000343322754,13.649999618530273,711500.0,10.004073143005371
2016-08-10,14.1899995803833,13.34000015258789,13.699999809265137,13.399999618530273,1183000.0,9.820849418640137
2016-08-11,13.8100004196167,13.399999618530273,13.479999542236328,13.720000267028809,762800.0,10.055377960205078
2016-08-12,14.989999771118164,13.989999771118164,14.109999656677246,14.930000305175781,1930700.0,10.942184448242188
2016-08-15,15.199999809265137,14.329999923706055,14.960000038146973,14.5,1304000.0,10.627037048339844
2016-08-16,14.65999984741211,14.229999542236328,14.449999809265137,14.420000076293945,1059200.0,10.568406105041504
2016-08-17,14.59000015258789,14.09000015258789,14.5,14.300000190734863,795900.0,10.480460166931152
2016-08-18,14.350000381469727,14.039999961853027,14.3100004196167,14.15999984741211,1128500.0,10.377852439880371
2016-08-19,14.119999885559082,13.710000038146973,14.079999923706055,13.90999984741211,851500.0,10.194628715515137
2016-08-22,13.8100004196167,13.010000228881836,13.75,13.1899995803833,1379000.0,9.666939735412598
2016-08-23,13.399999618530273,13.09000015258789,13.1899995803833,13.270000457763672,906200.0,9.725573539733887
2016-08-24,13.479999542236328,13.140000343322754,13.229999542236328,13.1899995803833,628100.0,9.666939735412598
2016-08-25,13.529999732971191,13.020000457763672,13.239999771118164,13.420000076293945,1278400.0,9.8355073928833
2016-08-26,14.039999961853027,13.5,13.510000228881836,13.84000015258789,1169000.0,10.143325805664062
2016-08-29,14.369999885559082,13.880000114440918,13.880000114440918,14.149999618530273,1082200.0,10.370523452758789
2016-08-30,14.670000076293945,14.130000114440918,14.170000076293945,14.619999885559082,881900.0,10.714987754821777
2016-08-31,14.920000076293945,14.390000343322754,14.619999885559082,14.59000015258789,1165500.0,10.692998886108398
2016-09-01,14.630000114440918,13.8100004196167,14.630000114440918,13.970000267028809,795300.0,10.238602638244629
2016-09-02,14.199999809265137,13.90999984741211,14.0600004196167,14.0,542400.0,10.260588645935059
2016-09-06,14.470000267028809,14.029999732971191,14.029999732971191,14.319999694824219,555200.0,10.495116233825684
2016-09-07,14.489999771118164,14.260000228881836,14.319999694824219,14.390000343322754,519300.0,10.546419143676758
2016-09-08,14.890000343322754,14.399999618530273,14.420000076293945,14.760000228881836,696200.0,10.817593574523926
2016-09-09,15.65999984741211,14.930000305175781,14.979999542236328,15.449999809265137,1573500.0,11.323291778564453
2016-09-12,15.550000190734863,14.9399995803833,15.449999809265137,15.4399995803833,1126700.0,11.315962791442871
2016-09-13,15.930000305175781,15.1899995803833,15.390000343322754,15.6899995803833,1655400.0,11.499188423156738
2016-09-14,15.880000114440918,14.5600004196167,15.579999923706055,14.649999618530273,1204500.0,10.736971855163574
2016-09-15,15.300000190734863,14.65999984741211,14.65999984741211,15.149999618530273,831600.0,11.103421211242676
2016-09-16,15.859999656677246,15.119999885559082,15.300000190734863,15.770000457763672,2330800.0,11.557822227478027
2016-09-19,16.389999389648438,15.630000114440918,15.770000457763672,16.100000381469727,1411200.0,11.799678802490234
2016-09-20,16.059999465942383,15.119999885559082,16.0,15.149999618530273,975700.0,11.103421211242676
2016-09-21,15.359999656677246,14.6899995803833,15.25,14.9399995803833,901400.0,10.949514389038086
2016-09-22,15.270000457763672,14.800000190734863,15.050000190734863,14.84000015258789,718700.0,10.876224517822266
2016-09-23,15.069999694824219,14.430000305175781,14.720000267028809,14.710000038146973,658200.0,10.780946731567383
2016-09-26,14.859999656677246,14.020000457763672,14.739999771118164,14.0600004196167,1183400.0,10.304563522338867
2016-09-27,14.210000038146973,13.84000015258789,14.0,14.1899995803833,762600.0,10.3998384475708
2016-09-28,14.529999732971191,13.84000015258789,14.329999923706055,14.289999961853027,874400.0,10.473130226135254
2016-09-29,14.390000343322754,13.520000457763672,14.300000190734863,13.600000381469727,995400.0,9.967429161071777
2016-09-30,13.859999656677246,13.369999885559082,13.649999618530273,13.770000457763672,646300.0,10.092022895812988
2016-10-03,13.8100004196167,13.399999618530273,13.8100004196167,13.529999732971191,481400.0,9.916125297546387
2016-10-04,14.229999542236328,13.640000343322754,13.649999618530273,14.0600004196167,509900.0,10.304563522338867
2016-10-05,14.649999618530273,14.149999618530273,14.279999732971191,14.569999694824219,616600.0,10.678340911865234
2016-10-06,14.609999656677246,14.029999732971191,14.59000015258789,14.15999984741211,479900.0,10.377852439880371
2016-10-07,14.220000267028809,13.90999984741211,14.220000267028809,13.949999809265137,857400.0,10.223943710327148
2016-10-10,15.069999694824219,14.279999732971191,14.350000381469727,14.899999618530273,904000.0,10.920199394226074
2016-10-11,15.100000381469727,14.600000381469727,14.90999984741211,14.720000267028809,609700.0,10.788276672363281
2016-10-12,14.739999771118164,14.319999694824219,14.739999771118164,14.520000457763672,306300.0,10.641695022583008
2016-10-13,14.529999732971191,14.020000457763672,14.399999618530273,14.350000381469727,443000.0,10.517104148864746
2016-10-14,14.65999984741211,14.319999694824219,14.4399995803833,14.630000114440918,376600.0,10.722315788269043
2016-10-17,14.84000015258789,14.239999771118164,14.520000457763672,14.3100004196167,458100.0,10.487787246704102
2016-10-18,14.75,14.359999656677246,14.479999542236328,14.529999732971191,348100.0,10.64902400970459
2016-10-19,14.59000015258789,14.229999542236328,14.59000015258789,14.3100004196167,347800.0,10.487787246704102
2016-10-20,14.600000381469727,14.229999542236328,14.229999542236328,14.569999694824219,350700.0,10.678340911865234
2016-10-21,15.170000076293945,14.399999618530273,14.470000267028809,15.149999618530273,551100.0,11.103421211242676
2016-10-24,15.34000015258789,14.720000267028809,15.1899995803833,14.9399995803833,410900.0,10.949514389038086
2016-10-25,15.229999542236328,14.869999885559082,14.930000305175781,15.0600004196167,406700.0,11.03746223449707
2016-10-26,15.300000190734863,14.800000190734863,14.899999618530273,14.890000343322754,820800.0,10.912871360778809
2016-10-27,14.829999923706055,13.399999618530273,14.699999809265137,13.579999923706055,1516400.0,9.952770233154297
2016-10-28,13.5,13.010000228881836,13.460000038146973,13.229999542236328,1451700.0,9.696257591247559
2016-10-31,13.579999923706055,13.100000381469727,13.239999771118164,13.260000228881836,728300.0,9.718245506286621
2016-11-01,13.75,13.1899995803833,13.649999618530273,13.350000381469727,790300.0,9.784204483032227
2016-11-02,13.359999656677246,12.770000457763672,13.3100004196167,13.010000228881836,998800.0,9.535019874572754
2016-11-03,12.710000038146973,12.029999732971191,12.520000457763672,12.640000343322754,1333900.0,9.63410472869873
2016-11-04,13.100000381469727,12.520000457763672,12.579999923706055,12.890000343322754,784600.0,9.824651718139648
2016-11-07,13.260000228881836,12.779999732971191,13.119999885559082,12.90999984741211,484700.0,9.839896202087402
2016-11-08,13.140000343322754,12.6899995803833,12.859999656677246,12.789999961853027,464500.0,9.748433113098145
2016-11-09,16.25,13.119999885559082,13.170000076293945,15.869999885559082,2429000.0,12.095983505249023
2016-11-10,16.93000030517578,15.65999984741211,16.040000915527344,15.930000305175781,1737700.0,12.141714096069336
2016-11-11,16.06999969482422,15.1899995803833,15.819999694824219,16.010000228881836,1007500.0,12.202688217163086
2016-11-14,16.829999923706055,15.960000038146973,16.309999465942383,16.329999923706055,1246700.0,12.446590423583984
2016-11-15,16.649999618530273,15.850000381469727,16.270000457763672,16.530000686645508,1226200.0,12.599029541015625
2016-11-16,16.850000381469727,16.31999969482422,16.530000686645508,16.729999542236328,776500.0,12.75146770477295
2016-11-17,17.469999313354492,16.829999923706055,17.059999465942383,17.1299991607666,888400.0,13.056344985961914
2016-11-18,17.68000030517578,16.979999542236328,17.239999771118164,17.469999313354492,854200.0,13.315489768981934
2016-11-21,17.950000762939453,17.600000381469727,17.760000228881836,17.6299991607666,958500.0,13.43743896484375
2016-11-22,18.31999969482422,17.739999771118164,17.899999618530273,17.950000762939453,837500.0,13.681343078613281
2016-11-23,18.09000015258789,17.600000381469727,17.8700008392334,17.610000610351562,639100.0,13.422200202941895
2016-11-25,17.690000534057617,17.360000610351562,17.530000686645508,17.559999465942383,208600.0,13.384087562561035
2016-11-28,17.579999923706055,16.799999237060547,17.559999465942383,16.809999465942383,572000.0,12.8124418258667
2016-11-29,16.739999771118164,16.149999618530273,16.709999084472656,16.15999984741211,963300.0,12.31701946258545
2016-11-30,17.010000228881836,16.040000915527344,16.979999542236328,16.729999542236328,1298600.0,12.75146770477295
2016-12-01,17.600000381469727,16.5,17.0,17.299999237060547,927700.0,13.18591594696045
2016-12-02,17.520000457763672,16.739999771118164,17.260000228881836,16.75,456700.0,12.766714096069336
2016-12-05,18.100000381469727,16.8799991607666,16.8799991607666,18.059999465942383,684800.0,13.765183448791504
2016-12-06,18.520000457763672,17.5,18.020000457763672,18.489999771118164,693800.0,14.09292221069336
2016-12-07,21.829999923706055,18.549999237060547,18.649999618530273,21.139999389648438,2420400.0,16.11273193359375
2016-12-08,24.940000534057617,21.540000915527344,21.780000686645508,24.770000457763672,3125900.0,18.879491806030273
2016-12-09,24.93000030517578,22.6200008392334,24.93000030517578,23.469999313354492,1645500.0,17.888639450073242
2016-12-12,24.5,22.739999771118164,24.190000534057617,23.209999084472656,878800.0,17.690471649169922
2016-12-13,23.799999237060547,22.950000762939453,23.270000457763672,23.25,974700.0,17.720956802368164
2016-12-14,22.940000534057617,20.6299991607666,22.93000030517578,21.030000686645508,1495800.0,16.028892517089844
2016-12-15,21.81999969482422,20.75,20.81999969482422,21.440000534057617,1001800.0,16.34139060974121
2016-12-16,21.81999969482422,20.90999984741211,21.350000381469727,21.229999542236328,3110200.0,16.18132781982422
2016-12-19,21.469999313354492,20.889999389648438,21.09000015258789,21.3799991607666,819000.0,16.2956600189209
2016-12-20,21.81999969482422,21.229999542236328,21.459999084472656,21.399999618530273,563600.0,16.310903549194336
2016-12-21,21.56999969482422,21.15999984741211,21.399999618530273,21.440000534057617,432500.0,16.34139060974121
2016-12-22,24.3700008392334,22.219999313354492,22.520000457763672,23.690000534057617,1988100.0,18.056324005126953
2016-12-23,24.010000228881836,23.219999313354492,23.700000762939453,23.790000915527344,862700.0,18.132543563842773
2016-12-27,24.239999771118164,23.59000015258789,23.969999313354492,23.739999771118164,558800.0,18.094432830810547
2016-12-28,24.209999084472656,23.670000076293945,23.90999984741211,24.139999389648438,688100.0,18.399309158325195
2016-12-29,24.790000915527344,24.100000381469727,24.1299991607666,24.6200008392334,652400.0,18.765161514282227
2016-12-30,25.40999984741211,24.389999389648438,24.540000915527344,25.389999389648438,843400.0,19.352046966552734
2017-01-03,25.90999984741211,23.889999389648438,25.84000015258789,24.84000015258789,1263800.0,18.932844161987305
2017-01-04,25.360000610351562,24.579999923706055,24.860000610351562,24.899999618530273,678200.0,18.97857666015625
2017-01-05,25.229999542236328,23.799999237060547,25.0,24.06999969482422,918100.0,18.34595489501953
2017-01-06,24.229999542236328,22.940000534057617,24.229999542236328,23.010000228881836,778600.0,17.53803062438965
2017-01-09,22.959999084472656,22.010000228881836,22.829999923706055,22.1200008392334,1138000.0,16.859683990478516
2017-01-10,23.100000381469727,22.170000076293945,22.399999618530273,22.459999084472656,826500.0,17.118825912475586
2017-01-11,23.030000686645508,22.260000228881836,22.440000534057617,22.959999084472656,651600.0,17.499921798706055
2017-01-12,23.5,22.56999969482422,22.8799991607666,22.799999237060547,629100.0,17.377971649169922
2017-01-13,23.139999389648438,22.389999389648438,22.969999313354492,22.75,467300.0,17.339862823486328
2017-01-17,23.920000076293945,22.729999542236328,22.729999542236328,23.229999542236328,610500.0,17.705717086791992
2017-01-18,23.59000015258789,22.719999313354492,23.040000915527344,23.209999084472656,609400.0,17.690471649169922
2017-01-19,23.360000610351562,22.690000534057617,23.290000915527344,22.850000381469727,545900.0,17.416080474853516
2017-01-20,23.34000015258789,22.829999923706055,23.06999969482422,23.280000686645508,421800.0,17.743820190429688
2017-01-23,23.729999542236328,22.860000610351562,22.940000534057617,23.030000686645508,596300.0,17.55327606201172
2017-01-24,24.299999237060547,23.25,23.25,24.1200008392334,816700.0,18.384065628051758
2017-01-25,24.770000457763672,23.899999618530273,24.34000015258789,24.760000228881836,762700.0,18.871868133544922
2017-01-26,25.670000076293945,24.239999771118164,24.84000015258789,24.520000457763672,1071000.0,18.688941955566406
2017-01-27,24.469999313354492,23.059999465942383,24.469999313354492,23.15999984741211,753600.0,17.65235710144043
2017-01-30,23.149999618530273,22.010000228881836,23.149999618530273,22.579999923706055,1567500.0,17.210289001464844
2017-01-31,23.239999771118164,22.1200008392334,22.600000381469727,22.209999084472656,964400.0,16.92827796936035
2017-02-01,22.469999313354492,21.510000228881836,22.459999084472656,21.829999923706055,898900.0,16.638643264770508
2017-02-02,21.989999771118164,21.270000457763672,21.860000610351562,21.65999984741211,662500.0,16.50907325744629
2017-02-03,22.139999389648438,21.549999237060547,21.850000381469727,21.8700008392334,517600.0,16.669132232666016
2017-02-06,22.450000762939453,21.479999542236328,21.8700008392334,21.56999969482422,576700.0,16.44047737121582
2017-02-07,21.90999984741211,21.25,21.530000686645508,21.399999618530273,646700.0,16.310903549194336
2017-02-08,21.950000762939453,20.780000686645508,21.25,21.829999923706055,648100.0,16.638643264770508
2017-02-09,22.270000457763672,21.489999771118164,22.030000686645508,21.68000030517578,429100.0,16.524316787719727
2017-02-10,21.989999771118164,21.1200008392334,21.989999771118164,21.579999923706055,414100.0,16.448101043701172
2017-02-13,21.959999084472656,21.270000457763672,21.610000610351562,21.399999618530273,389400.0,16.310903549194336
2017-02-14,21.90999984741211,21.049999237060547,21.18000030517578,21.850000381469727,510000.0,16.653892517089844
2017-02-15,21.81999969482422,21.229999542236328,21.81999969482422,21.530000686645508,648200.0,16.409984588623047
2017-02-16,24.360000610351562,21.950000762939453,22.450000762939453,23.56999969482422,2177800.0,17.964862823486328
2017-02-17,23.989999771118164,23.139999389648438,23.43000030517578,23.739999771118164,1242300.0,18.094432830810547
2017-02-21,24.239999771118164,23.43000030517578,24.0,23.81999969482422,806500.0,18.15540885925293
2017-02-22,24.010000228881836,22.799999237060547,23.639999389648438,22.889999389648438,1015900.0,17.44656753540039
2017-02-23,22.799999237060547,22.06999969482422,22.3799991607666,22.75,673900.0,17.72708511352539
2017-02-24,22.690000534057617,21.8700008392334,22.5,22.200000762939453,544300.0,17.298521041870117
2017-02-27,22.440000534057617,21.639999389648438,22.200000762939453,22.149999618530273,616200.0,17.259557723999023
2017-02-28,23.860000610351562,22.15999984741211,22.209999084472656,22.920000076293945,1661600.0,17.859554290771484
2017-03-01,24.139999389648438,23.170000076293945,23.25,23.56999969482422,1093500.0,18.36604118347168
2017-03-02,23.649999618530273,22.3700008392334,23.3799991607666,22.440000534057617,709800.0,17.48552894592285
2017-03-03,22.670000076293945,22.1299991607666,22.450000762939453,22.299999237060547,696500.0,17.376440048217773
2017-03-06,22.31999969482422,21.459999084472656,22.170000076293945,21.700000762939453,590400.0,16.90891456604004
2017-03-07,21.809999465942383,21.270000457763672,21.809999465942383,21.399999618530273,433800.0,16.675148010253906
2017-03-08,21.950000762939453,21.239999771118164,21.25,21.3700008392334,486900.0,16.651771545410156
2017-03-09,21.329999923706055,20.510000228881836,21.170000076293945,20.899999618530273,492100.0,16.285545349121094
2017-03-10,21.229999542236328,20.440000534057617,21.059999465942383,20.809999465942383,643000.0,16.215412139892578
2017-03-13,21.329999923706055,20.610000610351562,20.809999465942383,20.989999771118164,447300.0,16.355669021606445
2017-03-14,20.700000762939453,20.020000457763672,20.700000762939453,20.239999771118164,782900.0,15.771263122558594
2017-03-15,20.969999313354492,20.0,20.270000457763672,20.84000015258789,968800.0,16.23879051208496
2017-03-16,21.489999771118164,20.65999984741211,20.860000610351562,21.06999969482422,561200.0,16.418010711669922
2017-03-17,21.299999237060547,19.889999389648438,21.209999084472656,20.15999984741211,1305500.0,15.708925247192383
2017-03-20,20.739999771118164,20.110000610351562,20.200000762939453,20.59000015258789,608100.0,16.043989181518555
2017-03-21,21.010000228881836,19.440000534057617,20.690000534057617,19.600000381469727,765600.0,15.272566795349121
2017-03-22,19.950000762939453,19.200000762939453,19.489999771118164,19.520000457763672,479100.0,15.21023178100586
2017-03-23,19.889999389648438,19.360000610351562,19.5,19.450000762939453,458600.0,15.155685424804688
2017-03-24,19.559999465942383,19.15999984741211,19.469999313354492,19.18000030517578,504500.0,14.945298194885254
2017-03-27,19.770000457763672,18.8799991607666,18.969999313354492,19.610000610351562,474200.0,15.280359268188477
2017-03-28,19.969999313354492,19.139999389648438,19.709999084472656,19.450000762939453,918300.0,15.155685424804688
2017-03-29,20.399999618530273,19.399999618530273,19.450000762939453,20.25,766500.0,15.779053688049316
2017-03-30,20.350000381469727,19.799999237060547,20.190000534057617,19.8799991607666,574200.0,15.490747451782227
2017-03-31,20.3700008392334,19.790000915527344,19.8799991607666,20.079999923706055,727800.0,15.646586418151855
2017-04-03,20.299999237060547,19.510000228881836,19.950000762939453,19.920000076293945,654700.0,15.521915435791016
2017-04-04,20.170000076293945,19.639999389648438,19.959999084472656,19.809999465942383,627300.0,15.436200141906738
2017-04-05,20.170000076293945,18.18000030517578,19.770000457763672,18.40999984741211,1335600.0,14.34530258178711
2017-04-06,18.6299991607666,17.65999984741211,18.530000686645508,17.8700008392334,1234300.0,13.924530982971191
2017-04-07,18.280000686645508,17.59000015258789,17.889999389648438,17.81999969482422,890900.0,13.885566711425781
2017-04-10,18.450000762939453,17.81999969482422,17.90999984741211,18.1299991607666,507800.0,14.127121925354004
2017-04-11,18.280000686645508,17.6200008392334,18.06999969482422,18.030000686645508,1087900.0,14.049202919006348
2017-04-12,18.520000457763672,17.579999923706055,18.049999237060547,17.690000534057617,682200.0,13.784272193908691
2017-04-13,18.139999389648438,17.530000686645508,17.690000534057617,17.670000076293945,645700.0,13.768686294555664
2017-04-17,18.18000030517578,17.59000015258789,17.719999313354492,18.18000030517578,690100.0,14.16608715057373
2017-04-18,18.700000762939453,17.899999618530273,18.079999923706055,18.440000534057617,655800.0,14.368681907653809
2017-04-19,18.579999923706055,17.8799991607666,18.579999923706055,18.059999465942383,671100.0,14.072579383850098
2017-04-20,18.719999313354492,18.059999465942383,18.200000762939453,18.6200008392334,583400.0,14.508938789367676
2017-04-21,19.549999237060547,18.6200008392334,18.6200008392334,19.329999923706055,729800.0,15.062177658081055
2017-04-24,20.299999237060547,19.420000076293945,19.56999969482422,20.15999984741211,961800.0,15.708925247192383
2017-04-25,20.59000015258789,19.950000762939453,20.18000030517578,20.31999969482422,739500.0,15.833598136901855
2017-04-26,20.389999389648438,19.639999389648438,20.229999542236328,19.690000534057617,813600.0,15.342696189880371
2017-04-27,22.1299991607666,20.18000030517578,20.18000030517578,21.959999084472656,2096500.0,17.111507415771484
2017-04-28,22.6200008392334,21.5,22.1299991607666,21.889999389648438,1292000.0,17.056962966918945
2017-05-01,23.059999465942383,21.889999389648438,21.90999984741211,22.739999771118164,1386500.0,17.719295501708984
2017-05-02,23.200000762939453,22.280000686645508,22.860000610351562,22.559999465942383,831200.0,17.579038619995117
2017-05-03,22.899999618530273,22.209999084472656,22.56999969482422,22.399999618530273,865700.0,17.454360961914062
2017-05-04,21.889999389648438,21.040000915527344,21.760000228881836,21.350000381469727,673200.0,17.01601219177246
2017-05-05,21.959999084472656,21.06999969482422,21.34000015258789,21.899999618530273,705500.0,17.45435905456543
2017-05-08,22.3700008392334,21.829999923706055,21.899999618530273,22.290000915527344,554300.0,17.765193939208984
2017-05-09,22.649999618530273,21.729999542236328,22.260000228881836,22.200000762939453,956600.0,17.693458557128906
2017-05-10,22.59000015258789,22.09000015258789,22.25,22.389999389648438,554700.0,17.844890594482422
2017-05-11,22.6299991607666,22.110000610351562,22.530000686645508,22.309999465942383,568100.0,17.781129837036133
2017-05-12,22.399999618530273,21.889999389648438,22.299999237060547,21.950000762939453,354900.0,17.494213104248047
2017-05-15,22.649999618530273,21.600000381469727,22.399999618530273,21.690000534057617,668900.0,17.2869930267334
2017-05-16,21.799999237060547,20.950000762939453,21.719999313354492,21.229999542236328,447500.0,16.920368194580078
2017-05-17,21.209999084472656,20.600000381469727,21.059999465942383,20.809999465942383,539200.0,16.585630416870117
2017-05-18,21.260000228881836,20.68000030517578,20.719999313354492,21.100000381469727,459400.0,16.81675910949707
2017-05-19,21.450000762939453,21.010000228881836,21.229999542236328,21.34000015258789,495700.0,17.008037567138672
2017-05-22,21.75,21.360000610351562,21.510000228881836,21.450000762939453,470500.0,17.09571075439453
2017-05-23,21.68000030517578,20.90999984741211,21.579999923706055,21.229999542236328,563500.0,16.920368194580078
2017-05-24,21.780000686645508,21.1200008392334,21.31999969482422,21.59000015258789,517900.0,17.207290649414062
2017-05-25,22.0,20.729999542236328,21.510000228881836,20.739999771118164,479900.0,16.52983856201172
2017-05-26,21.0,20.5,20.709999084472656,20.729999542236328,407900.0,16.521865844726562
2017-05-30,20.709999084472656,20.1299991607666,20.5,20.459999084472656,468900.0,16.306673049926758
2017-05-31,20.510000228881836,19.469999313354492,20.3799991607666,19.959999084472656,596200.0,15.908175468444824
2017-06-01,20.549999237060547,19.690000534057617,20.020000457763672,20.459999084472656,381600.0,16.306673049926758
2017-06-02,20.469999313354492,19.93000030517578,20.3799991607666,20.110000610351562,456000.0,16.027727127075195
2017-06-05,20.450000762939453,19.81999969482422,20.079999923706055,20.34000015258789,450400.0,16.21103858947754
2017-06-06,20.549999237060547,19.81999969482422,20.200000762939453,20.190000534057617,586000.0,16.09148597717285
2017-06-07,20.5,19.610000610351562,20.09000015258789,19.829999923706055,507400.0,15.804567337036133
2017-06-08,20.979999542236328,19.75,19.850000381469727,20.399999618530273,638800.0,16.258859634399414
2017-06-09,21.600000381469727,20.329999923706055,20.459999084472656,21.3700008392334,735500.0,17.03194808959961
2017-06-12,22.329999923706055,21.3700008392334,21.600000381469727,21.559999465942383,684200.0,17.183380126953125
2017-06-13,21.729999542236328,20.979999542236328,21.549999237060547,21.489999771118164,637000.0,17.127586364746094
2017-06-14,21.34000015258789,19.549999237060547,21.34000015258789,20.049999237060547,907800.0,15.979903221130371
2017-06-15,20.43000030517578,19.719999313354492,20.040000915527344,19.989999771118164,555900.0,15.932083129882812
2017-06-16,20.5,19.860000610351562,20.049999237060547,20.459999084472656,644100.0,16.306673049926758
2017-06-19,21.190000534057617,20.3700008392334,20.559999465942383,20.84000015258789,466900.0,16.609539031982422
2017-06-20,20.700000762939453,19.65999984741211,20.600000381469727,20.09000015258789,605500.0,16.01178550720215
2017-06-21,20.229999542236328,19.3799991607666,20.100000381469727,19.649999618530273,383500.0,15.661103248596191
2017-06-22,20.3700008392334,19.709999084472656,19.799999237060547,20.239999771118164,370700.0,16.131336212158203
2017-06-23,20.899999618530273,20.239999771118164,20.31999969482422,20.860000610351562,686400.0,16.625478744506836
2017-06-26,21.40999984741211,20.780000686645508,20.8799991607666,21.280000686645508,351000.0,16.96021842956543
2017-06-27,21.969999313354492,21.06999969482422,21.399999618530273,21.479999542236328,373200.0,17.119619369506836
2017-06-28,22.219999313354492,21.5,21.540000915527344,21.59000015258789,474500.0,17.207290649414062
2017-06-29,21.959999084472656,21.440000534057617,21.729999542236328,21.809999465942383,467700.0,17.382631301879883
2017-06-30,22.020000457763672,21.290000915527344,22.020000457763672,21.760000228881836,476900.0,17.3427791595459
2017-07-03,22.389999389648438,21.850000381469727,21.889999389648438,22.1200008392334,246500.0,17.629701614379883
2017-07-05,22.1299991607666,21.209999084472656,22.0,21.389999389648438,545700.0,17.047889709472656
2017-07-06,21.739999771118164,20.989999771118164,21.479999542236328,21.1299991607666,510600.0,16.840669631958008
2017-07-07,21.68000030517578,20.850000381469727,21.040000915527344,21.6299991607666,332700.0,17.239171981811523
2017-07-10,22.790000915527344,21.520000457763672,21.549999237060547,22.760000228881836,701300.0,18.139785766601562
2017-07-11,22.940000534057617,22.239999771118164,22.75,22.329999923706055,466000.0,17.797073364257812
2017-07-12,22.729999542236328,21.860000610351562,22.600000381469727,21.969999313354492,363100.0,17.510150909423828
2017-07-13,22.420000076293945,21.6299991607666,21.979999542236328,22.299999237060547,631600.0,17.773162841796875
2017-07-14,22.6299991607666,22.1299991607666,22.329999923706055,22.280000686645508,251200.0,17.757221221923828
2017-07-17,22.889999389648438,22.190000534057617,22.290000915527344,22.3799991607666,440600.0,17.8369197845459
2017-07-18,22.520000457763672,22.110000610351562,22.389999389648438,22.280000686645508,400000.0,17.757221221923828
2017-07-19,22.969999313354492,22.260000228881836,22.290000915527344,22.850000381469727,466600.0,18.21151351928711
2017-07-20,22.950000762939453,22.149999618530273,22.950000762939453,22.40999984741211,602100.0,17.86083221435547
2017-07-21,22.5,21.979999542236328,22.459999084472656,22.18000030517578,445100.0,17.677522659301758
2017-07-24,22.350000381469727,22.020000457763672,22.25,22.219999313354492,326900.0,17.709400177001953
2017-07-25,22.489999771118164,22.040000915527344,22.290000915527344,22.25,521400.0,17.733312606811523
2017-07-26,22.34000015258789,21.510000228881836,22.34000015258789,21.600000381469727,883500.0,17.215261459350586
2017-07-27,21.59000015258789,19.6299991607666,21.5,19.790000915527344,2303500.0,15.772685050964355
2017-07-28,19.969999313354492,19.010000228881836,19.690000534057617,19.209999084472656,1746700.0,15.310423851013184
2017-07-31,19.34000015258789,18.790000915527344,19.170000076293945,18.90999984741211,1046000.0,15.071324348449707
2017-08-01,19.209999084472656,18.68000030517578,18.979999542236328,19.06999969482422,790500.0,15.198843955993652
2017-08-02,19.709999084472656,19.079999923706055,19.100000381469727,19.600000381469727,883500.0,15.621254920959473
2017-08-03,19.200000762939453,18.760000228881836,19.079999923706055,19.049999237060547,759900.0,15.58035945892334
2017-08-04,19.260000228881836,18.81999969482422,19.06999969482422,18.940000534057617,661800.0,15.490395545959473
2017-08-07,19.06999969482422,18.43000030517578,18.829999923706055,18.440000534057617,489400.0,15.081466674804688
2017-08-08,18.65999984741211,18.06999969482422,18.43000030517578,18.229999542236328,596500.0,14.909708976745605
2017-08-09,18.219999313354492,17.200000762939453,18.200000762939453,17.25,648700.0,14.10820198059082
2017-08-10,17.420000076293945,17.030000686645508,17.260000228881836,17.059999465942383,491400.0,13.95280647277832
2017-08-11,17.459999084472656,16.75,16.780000686645508,17.18000030517578,675800.0,14.050948143005371
2017-08-14,17.950000762939453,17.079999923706055,17.25,17.920000076293945,759300.0,14.656173706054688
2017-08-15,18.100000381469727,17.799999237060547,17.920000076293945,17.84000015258789,515300.0,14.590743064880371
2017-08-16,18.049999237060547,17.65999984741211,17.84000015258789,17.809999465942383,650400.0,14.566206932067871
2017-08-17,18.010000228881836,17.459999084472656,17.690000534057617,17.5,633700.0,14.312668800354004
2017-08-18,18.059999465942383,17.329999923706055,17.450000762939453,17.889999389648438,394600.0,14.631633758544922
2017-08-21,18.170000076293945,17.600000381469727,17.829999923706055,17.8700008392334,408700.0,14.615281105041504
2017-08-22,18.530000686645508,17.690000534057617,18.100000381469727,18.440000534057617,498600.0,15.081466674804688
2017-08-23,18.920000076293945,18.360000610351562,18.420000076293945,18.790000915527344,523600.0,15.367714881896973
2017-08-24,19.18000030517578,18.610000610351562,18.780000686645508,18.860000610351562,504700.0,15.424965858459473
2017-08-25,20.450000762939453,18.84000015258789,19.010000228881836,19.959999084472656,922400.0,16.324621200561523
2017-08-28,20.920000076293945,20.049999237060547,20.149999618530273,20.8700008392334,723600.0,17.068880081176758
2017-08-29,21.420000076293945,20.389999389648438,20.700000762939453,21.309999465942383,542400.0,17.42873764038086
2017-08-30,21.739999771118164,21.190000534057617,21.309999465942383,21.579999923706055,541500.0,17.649564743041992
2017-08-31,22.100000381469727,20.34000015258789,20.34000015258789,21.420000076293945,631600.0,17.518705368041992
2017-09-01,23.049999237060547,21.469999313354492,21.68000030517578,22.68000030517578,1131500.0,18.549213409423828
2017-09-05,22.719999313354492,20.959999084472656,22.469999313354492,21.3700008392334,789400.0,17.477811813354492
2017-09-06,21.90999984741211,21.3700008392334,21.530000686645508,21.540000915527344,557800.0,17.616853713989258
2017-09-07,22.280000686645508,21.290000915527344,21.549999237060547,22.190000534057617,658000.0,18.148462295532227
2017-09-08,22.579999923706055,22.0,22.299999237060547,22.5,576800.0,18.402000427246094
2017-09-11,22.899999618530273,22.059999465942383,22.700000762939453,22.75,633100.0,18.60646629333496
2017-09-12,23.239999771118164,22.510000228881836,22.75,22.920000076293945,480900.0,18.745508193969727
2017-09-13,23.389999389648438,22.75,22.920000076293945,23.049999237060547,662400.0,18.85182762145996
2017-09-14,23.34000015258789,22.5,23.139999389648438,22.889999389648438,500400.0,18.72096824645996
2017-09-15,23.239999771118164,22.8700008392334,22.93000030517578,23.059999465942383,511600.0,18.86000633239746
2017-09-18,23.549999237060547,22.959999084472656,23.110000610351562,23.34000015258789,394900.0,19.08901023864746
2017-09-19,24.190000534057617,23.239999771118164,23.420000076293945,24.079999923706055,550500.0,19.69423484802246
2017-09-20,24.329999923706055,23.690000534057617,24.149999618530273,24.1299991607666,606900.0,19.73512077331543
2017-09-21,24.559999465942383,23.950000762939453,24.09000015258789,24.219999313354492,410900.0,19.808732986450195
2017-09-22,24.700000762939453,24.15999984741211,24.200000762939453,24.520000457763672,378700.0,20.054092407226562
2017-09-25,25.280000686645508,24.68000030517578,24.68000030517578,25.229999542236328,608700.0,20.634777069091797
2017-09-26,25.299999237060547,24.75,25.18000030517578,25.149999618530273,581600.0,20.56934928894043
2017-09-27,25.34000015258789,24.639999389648438,25.219999313354492,25.329999923706055,661900.0,20.716562271118164
2017-09-28,26.15999984741211,25.329999923706055,25.350000381469727,26.010000228881836,615500.0,21.27271270751953
2017-09-29,26.350000381469727,25.860000610351562,26.030000686645508,25.899999618530273,435700.0,21.1827449798584
2017-10-02,26.059999465942383,25.350000381469727,25.760000228881836,26.0,499400.0,21.26453399658203
2017-10-03,26.889999389648438,25.989999771118164,26.239999771118164,26.84000015258789,541400.0,21.951541900634766
2017-10-04,27.489999771118164,26.709999084472656,26.950000762939453,27.399999618530273,651700.0,22.409547805786133
2017-10-05,27.860000610351562,26.84000015258789,27.489999771118164,27.299999237060547,711600.0,22.3277645111084
2017-10-06,27.59000015258789,26.969999313354492,26.969999313354492,27.469999313354492,432600.0,22.466796875
2017-10-09,27.889999389648438,27.440000534057617,27.469999313354492,27.639999389648438,484400.0,22.605833053588867
2017-10-10,28.34000015258789,27.56999969482422,27.90999984741211,28.09000015258789,626900.0,22.973876953125
2017-10-11,28.200000762939453,27.299999237060547,28.09000015258789,27.690000534057617,491700.0,22.646730422973633
2017-10-12,27.90999984741211,27.25,27.450000762939453,27.8799991607666,336800.0,22.802125930786133
2017-10-13,28.450000762939453,27.610000610351562,28.079999923706055,28.149999618530273,347400.0,23.022945404052734
2017-10-16,28.399999618530273,27.579999923706055,28.190000534057617,27.860000610351562,359200.0,22.785768508911133
2017-10-17,28.15999984741211,27.299999237060547,27.850000381469727,27.6299991607666,359200.0,22.59765625
2017-10-18,27.8799991607666,27.270000457763672,27.600000381469727,27.709999084472656,506300.0,22.6630859375
2017-10-19,27.56999969482422,26.850000381469727,27.440000534057617,27.450000762939453,360600.0,22.450443267822266
2017-10-20,27.760000228881836,27.020000457763672,27.6200008392334,27.40999984741211,332200.0,22.417728424072266
2017-10-23,27.5,26.56999969482422,27.489999771118164,26.81999969482422,436200.0,21.935184478759766
2017-10-24,27.3799991607666,26.899999618530273,26.989999771118164,27.239999771118164,339300.0,22.278690338134766
2017-10-25,27.56999969482422,26.610000610351562,27.25,27.219999313354492,278000.0,22.262332916259766
2017-10-26,27.350000381469727,26.600000381469727,27.06999969482422,26.940000534057617,405800.0,22.03333282470703
2017-10-27,27.31999969482422,26.6200008392334,26.90999984741211,27.299999237060547,350300.0,22.3277645111084
2017-10-30,27.989999771118164,27.25,27.299999237060547,27.3700008392334,398700.0,22.3850154876709
2017-10-31,27.709999084472656,27.149999618530273,27.479999542236328,27.450000762939453,345100.0,22.450443267822266
2017-11-01,30.149999618530273,28.010000228881836,28.3799991607666,30.079999923706055,1223000.0,24.601430892944336
2017-11-02,30.920000076293945,29.350000381469727,30.1200008392334,30.43000030517578,902400.0,24.887685775756836
2017-11-03,31.079999923706055,30.329999923706055,30.549999237060547,30.350000381469727,448400.0,24.82225227355957
2017-11-06,31.610000610351562,30.420000076293945,30.459999084472656,31.450000762939453,401000.0,25.72191047668457
2017-11-07,32.41999816894531,31.1200008392334,31.579999923706055,31.420000076293945,666000.0,25.697372436523438
2017-11-08,31.780000686645508,30.5,31.440000534057617,31.290000915527344,596000.0,25.591049194335938
2017-11-09,31.190000534057617,29.670000076293945,30.780000686645508,30.5,523500.0,25.350017547607422
2017-11-10,30.899999618530273,30.09000015258789,30.579999923706055,30.3700008392334,255300.0,25.241968154907227
2017-11-13,30.90999984741211,30.1200008392334,30.3700008392334,30.389999389648438,373700.0,25.258590698242188
2017-11-14,30.639999389648438,29.829999923706055,30.440000534057617,30.25,471400.0,25.142230987548828
2017-11-15,30.389999389648438,29.389999389648438,29.8700008392334,30.110000610351562,499700.0,25.025867462158203
2017-11-16,31.469999313354492,29.760000228881836,30.200000762939453,31.260000228881836,405500.0,25.981691360473633
2017-11-17,31.899999618530273,31.100000381469727,31.329999923706055,31.739999771118164,392500.0,26.380640029907227
2017-11-20,32.029998779296875,31.049999237060547,31.739999771118164,31.360000610351562,383000.0,26.06480598449707
2017-11-21,32.06999969482422,31.350000381469727,31.579999923706055,31.920000076293945,305600.0,26.530248641967773
2017-11-22,32.06999969482422,31.020000457763672,32.06999969482422,31.389999389648438,389700.0,26.089736938476562
2017-11-24,31.690000534057617,31.049999237060547,31.690000534057617,31.18000030517578,98300.0,25.915197372436523
2017-11-27,31.6200008392334,30.989999771118164,31.170000076293945,31.40999984741211,317700.0,26.106361389160156
2017-11-28,32.099998474121094,31.389999389648438,31.729999542236328,32.029998779296875,471200.0,26.621675491333008
2017-11-29,32.20000076293945,31.219999313354492,32.06999969482422,31.799999237060547,486300.0,26.430505752563477
2017-11-30,33.13999938964844,32.040000915527344,32.040000915527344,32.650001525878906,507300.0,27.136987686157227
2017-12-01,32.90999984741211,31.290000915527344,32.81999969482422,32.369998931884766,420200.0,26.90426254272461
2017-12-04,33.04999923706055,32.40999984741211,32.5099983215332,32.459999084472656,421700.0,26.979068756103516
2017-12-05,34.119998931884766,32.58000183105469,32.58000183105469,33.790000915527344,425000.0,28.084497451782227
2017-12-06,33.70000076293945,32.33000183105469,33.5099983215332,32.66999816894531,523800.0,27.153608322143555
2017-12-07,33.34000015258789,32.5099983215332,32.54999923706055,33.29999923706055,384200.0,27.677230834960938
2017-12-08,33.77000045776367,32.86000061035156,33.40999984741211,33.650001525878906,276800.0,27.968135833740234
2017-12-11,34.630001068115234,33.36000061035156,33.52000045776367,34.380001068115234,497400.0,28.574872970581055
2017-12-12,34.40999984741211,33.65999984741211,34.349998474121094,33.970001220703125,696900.0,28.234100341796875
2017-12-13,34.66999816894531,33.77000045776367,34.029998779296875,34.56999969482422,423800.0,28.7327880859375
2017-12-14,35.41999816894531,34.36000061035156,34.599998474121094,34.84000015258789,482000.0,28.95720100402832
2017-12-15,35.93000030517578,34.869998931884766,35.0,35.599998474121094,1685700.0,29.5888729095459
2017-12-18,35.9900016784668,35.08000183105469,35.81999969482422,35.540000915527344,420800.0,29.539005279541016
2017-12-19,36.040000915527344,35.16999816894531,35.95000076293945,35.459999084472656,325500.0,29.472511291503906
2017-12-20,36.83000183105469,35.2599983215332,35.65999984741211,36.75,307000.0,30.544696807861328
2017-12-21,37.4900016784668,36.52000045776367,36.810001373291016,36.900001525878906,365800.0,30.66936683654785
2017-12-22,37.150001525878906,36.529998779296875,36.900001525878906,36.77000045776367,179500.0,30.561315536499023
2017-12-26,38.0,36.59000015258789,36.61000061035156,37.7400016784668,220800.0,31.36752700805664
2017-12-27,38.25,37.459999084472656,37.79999923706055,37.810001373291016,254200.0,31.42571258544922
2017-12-28,37.939998626708984,37.650001525878906,37.900001525878906,37.79999923706055,132900.0,31.417396545410156
2017-12-29,38.09000015258789,37.189998626708984,37.93000030517578,37.2400016784668,303400.0,30.95195770263672
2018-01-02,37.84000015258789,36.84000015258789,37.400001525878906,37.470001220703125,501400.0,31.14311981201172
2018-01-03,38.15999984741211,37.130001068115234,37.59000015258789,37.369998931884766,436800.0,31.060009002685547
2018-01-04,37.84000015258789,36.880001068115234,37.4900016784668,37.709999084472656,247000.0,31.34259033203125
2018-01-05,39.20000076293945,37.650001525878906,37.91999816894531,39.13999938964844,438800.0,32.5311393737793
2018-01-08,39.470001220703125,38.84000015258789,39.220001220703125,39.290000915527344,324200.0,32.65581130981445
2018-01-09,39.400001525878906,38.310001373291016,39.310001373291016,38.33000183105469,351100.0,31.857906341552734
2018-01-10,39.290000915527344,37.630001068115234,38.36000061035156,38.709999084472656,536700.0,32.17374038696289
2018-01-11,39.150001525878906,38.34000015258789,38.70000076293945,38.7400016784668,588400.0,32.19867706298828
2018-01-12,39.470001220703125,38.68000030517578,38.90999984741211,39.33000183105469,385800.0,32.689056396484375
2018-01-16,39.70000076293945,38.2599983215332,39.47999954223633,38.4900016784668,507200.0,31.99089241027832
2018-01-17,39.130001068115234,38.52000045776367,38.650001525878906,38.91999816894531,368700.0,32.34827423095703
2018-01-18,38.81999969482422,37.2599983215332,38.81999969482422,37.41999816894531,723100.0,31.1015625
2018-01-19,37.77000045776367,37.18000030517578,37.369998931884766,37.59000015258789,416200.0,31.24285888671875
2018-01-22,38.09000015258789,37.369998931884766,37.56999969482422,38.06999969482422,281800.0,31.641807556152344
2018-01-23,38.20000076293945,37.72999954223633,38.20000076293945,38.11000061035156,312700.0,31.675052642822266
2018-01-24,38.33000183105469,36.2599983215332,38.33000183105469,36.72999954223633,458300.0,30.5280704498291
2018-01-25,37.220001220703125,36.310001373291016,36.86000061035156,36.61000061035156,310000.0,30.428335189819336
2018-01-26,37.290000915527344,36.70000076293945,36.7599983215332,36.810001373291016,262400.0,30.594562530517578
2018-01-29,36.7400016784668,35.459999084472656,36.63999938964844,35.560001373291016,460000.0,29.55562400817871
2018-01-30,35.25,34.15999984741211,35.25,34.65999984741211,437800.0,28.807588577270508
2018-01-31,36.08000183105469,34.790000915527344,35.02000045776367,35.790000915527344,463900.0,29.74679183959961
2018-02-01,36.0,34.68000030517578,35.70000076293945,35.540000915527344,316200.0,29.539005279541016
2018-02-02,35.5,33.56999969482422,35.040000915527344,33.86000061035156,431000.0,28.142671585083008
2018-02-05,34.189998626708984,32.34000015258789,33.34000015258789,32.68000030517578,454900.0,27.16192054748535
2018-02-06,34.09000015258789,31.459999084472656,31.719999313354492,33.90999984741211,463000.0,28.184232711791992
2018-02-07,34.22999954223633,33.15999984741211,33.880001068115234,33.220001220703125,573800.0,27.610742568969727
2018-02-08,33.290000915527344,32.15999984741211,33.220001220703125,32.34000015258789,539600.0,26.87932777404785
2018-02-09,33.29999923706055,30.959999084472656,32.709999084472656,32.29999923706055,528700.0,26.846080780029297
2018-02-12,34.0099983215332,32.47999954223633,32.689998626708984,33.84000015258789,476500.0,28.126049041748047
2018-02-13,34.15999984741211,32.79999923706055,33.720001220703125,33.470001220703125,295200.0,27.81852912902832
2018-02-14,34.599998474121094,32.83000183105469,33.0,34.54999923706055,336400.0,28.71616554260254
2018-02-15,34.88999938964844,33.59000015258789,34.720001220703125,34.2599983215332,372000.0,28.475130081176758
2018-02-16,34.4900016784668,33.29999923706055,34.04999923706055,33.439998626708984,305100.0,27.79359245300293
2018-02-20,33.7400016784668,32.209999084472656,33.31999969482422,32.29999923706055,543900.0,26.846080780029297
2018-02-21,33.040000915527344,32.06999969482422,32.29999923706055,32.31999969482422,459400.0,26.862707138061523
2018-02-22,35.0,31.170000076293945,32.91999816894531,31.829999923706055,874000.0,26.455446243286133
2018-02-23,31.889999389648438,30.889999389648438,31.889999389648438,31.309999465942383,523000.0,26.023244857788086
2018-02-26,31.780000686645508,30.950000762939453,31.440000534057617,31.170000076293945,398000.0,25.906885147094727
2018-02-27,31.780000686645508,30.520000457763672,31.1200008392334,30.670000076293945,649100.0,25.491310119628906
2018-02-28,30.81999969482422,29.56999969482422,30.81999969482422,29.6200008392334,640200.0,24.618608474731445
2018-03-01,30.280000686645508,29.209999084472656,29.610000610351562,30.09000015258789,595900.0,25.009246826171875
2018-03-02,30.549999237060547,29.100000381469727,29.34000015258789,30.200000762939453,1366300.0,25.52481460571289
2018-03-05,30.530000686645508,29.610000610351562,30.170000076293945,30.290000915527344,715900.0,25.60088348388672
2018-03-06,31.079999923706055,30.209999084472656,30.479999542236328,30.520000457763672,471300.0,25.79527473449707
2018-03-07,31.100000381469727,30.040000915527344,30.200000762939453,30.649999618530273,554900.0,25.9051513671875
2018-03-08,31.18000030517578,30.329999923706055,30.790000915527344,31.09000015258789,544100.0,26.27703285217285
2018-03-09,31.829999923706055,31.139999389648438,31.389999389648438,31.649999618530273,473400.0,26.750341415405273
2018-03-12,31.989999771118164,30.059999465942383,31.729999542236328,30.100000381469727,602000.0,25.440298080444336
2018-03-13,30.670000076293945,29.559999465942383,30.280000686645508,29.8799991607666,455200.0,25.25435447692871
2018-03-14,30.18000030517578,29.389999389648438,30.049999237060547,29.6200008392334,523800.0,25.034605026245117
2018-03-15,29.940000534057617,28.139999389648438,29.600000381469727,29.059999465942383,817100.0,24.56129264831543
2018-03-16,29.950000762939453,28.979999542236328,29.040000915527344,29.799999237060547,660000.0,25.186737060546875
2018-03-19,29.729999542236328,29.260000228881836,29.729999542236328,29.59000015258789,473000.0,25.009246826171875
2018-03-20,30.920000076293945,29.75,29.75,30.59000015258789,387500.0,25.85443878173828
2018-03-21,31.90999984741211,30.65999984741211,30.670000076293945,31.280000686645508,364700.0,26.437620162963867
2018-03-22,31.399999618530273,30.850000381469727,30.950000762939453,31.020000457763672,318300.0,26.217870712280273
2018-03-23,31.940000534057617,30.780000686645508,31.209999084472656,30.809999465942383,342000.0,26.040382385253906
2018-03-26,31.18000030517578,30.440000534057617,31.1299991607666,30.799999237060547,311700.0,26.03192710876465
2018-03-27,31.360000610351562,29.959999084472656,30.989999771118164,30.239999771118164,256900.0,25.558622360229492
2018-03-28,30.56999969482422,29.239999771118164,30.25,29.600000381469727,395700.0,25.017698287963867
2018-03-29,30.530000686645508,29.760000228881836,29.760000228881836,30.219999313354492,433100.0,25.54171371459961
2018-04-02,30.34000015258789,29.450000762939453,30.049999237060547,30.110000610351562,422500.0,25.448745727539062
2018-04-03,30.469999313354492,29.760000228881836,30.3799991607666,30.440000534057617,261800.0,25.7276611328125
2018-04-04,31.15999984741211,29.670000076293945,29.93000030517578,31.030000686645508,303000.0,26.22632598876953
2018-04-05,31.989999771118164,31.09000015258789,31.1200008392334,31.729999542236328,364100.0,26.817956924438477
2018-04-06,32.29999923706055,31.1200008392334,31.540000915527344,31.5,378600.0,26.62356185913086
2018-04-09,32.220001220703125,31.510000228881836,31.75,31.790000915527344,307500.0,26.868669509887695
2018-04-10,32.709999084472656,32.029998779296875,32.13999938964844,32.40999984741211,373500.0,27.39268684387207
2018-04-11,32.93000030517578,32.0099983215332,32.349998474121094,32.849998474121094,294800.0,27.76457405090332
2018-04-12,33.220001220703125,32.45000076293945,32.959999084472656,32.83000183105469,389300.0,27.747669219970703
2018-04-13,33.65999984741211,32.75,33.029998779296875,33.5099983215332,263100.0,28.32239532470703
2018-04-16,34.439998626708984,33.599998474121094,33.68000030517578,34.43000030517578,356100.0,29.0999755859375
2018-04-17,34.54999923706055,34.029998779296875,34.5,34.459999084472656,442800.0,29.125329971313477
2018-04-18,35.400001525878906,34.34000015258789,34.650001525878906,35.0099983215332,328600.0,29.590185165405273
2018-04-19,35.65999984741211,34.59000015258789,35.279998779296875,35.54999923706055,300400.0,30.04659080505371
2018-04-20,35.61000061035156,35.11000061035156,35.61000061035156,35.27000045776367,238200.0,29.8099422454834
2018-04-23,35.790000915527344,34.63999938964844,35.279998779296875,35.77000045776367,237400.0,30.2325382232666
2018-04-24,36.689998626708984,35.52000045776367,35.880001068115234,35.95000076293945,280100.0,30.38467025756836
2018-04-25,35.86000061035156,34.849998474121094,35.22999954223633,35.54999923706055,286200.0,30.04659080505371
2018-04-26,37.90999984741211,35.65999984741211,35.65999984741211,37.63999938964844,326800.0,31.81304359436035
2018-04-27,37.38999938964844,34.529998779296875,37.38999938964844,34.650001525878906,618500.0,29.285919189453125
2018-04-30,36.4900016784668,34.4900016784668,35.369998931884766,34.5,562600.0,29.159143447875977
2018-05-01,35.38999938964844,33.970001220703125,34.349998474121094,35.130001068115234,375400.0,29.69161605834961
2018-05-02,36.349998474121094,35.0099983215332,35.0099983215332,35.95000076293945,325100.0,30.38467025756836
2018-05-03,37.040000915527344,35.63999938964844,35.900001525878906,36.83000183105469,351000.0,31.128440856933594
2018-05-04,36.95000076293945,35.95000076293945,36.27000045776367,36.810001373291016,323700.0,31.539716720581055
2018-05-07,39.790000915527344,37.0,37.0,38.470001220703125,788800.0,32.96205139160156
2018-05-08,39.290000915527344,37.68000030517578,38.31999969482422,38.95000076293945,394800.0,33.373321533203125
2018-05-09,40.68000030517578,39.15999984741211,39.779998779296875,40.43000030517578,568300.0,34.641422271728516
2018-05-10,40.869998931884766,40.119998931884766,40.63999938964844,40.619998931884766,262500.0,34.80421829223633
2018-05-11,41.040000915527344,40.4900016784668,40.790000915527344,40.77000045776367,331800.0,34.932743072509766
2018-05-14,41.790000915527344,40.810001373291016,41.0099983215332,41.61000061035156,301500.0,35.65247344970703
2018-05-15,41.75,40.66999816894531,41.439998626708984,41.70000076293945,346300.0,35.729591369628906
2018-05-16,41.970001220703125,41.029998779296875,41.7599983215332,41.7400016784668,270300.0,35.76386642456055
2018-05-17,44.0,41.88999938964844,41.90999984741211,43.880001068115234,432100.0,37.59746551513672
2018-05-18,44.88999938964844,43.650001525878906,43.9900016784668,44.77000045776367,293700.0,38.36004638671875
2018-05-21,46.2400016784668,44.77000045776367,44.970001220703125,46.150001525878906,504900.0,39.542457580566406
2018-05-22,47.66999816894531,45.04999923706055,45.95000076293945,45.459999084472656,734500.0,38.95125198364258
2018-05-23,45.459999084472656,44.529998779296875,45.279998779296875,45.13999938964844,310100.0,38.677066802978516
2018-05-24,45.560001373291016,44.31999969482422,44.91999816894531,45.06999969482422,286900.0,38.61709213256836
2018-05-25,44.540000915527344,42.810001373291016,44.130001068115234,43.61000061035156,444000.0,37.36612319946289
2018-05-29,43.43000030517578,38.2400016784668,42.93000030517578,39.619998931884766,2522900.0,33.947391510009766
2018-05-30,40.349998474121094,38.689998626708984,39.68000030517578,39.209999084472656,1353400.0,33.596092224121094
2018-05-31,40.5099983215332,37.619998931884766,39.13999938964844,37.72999954223633,1730400.0,32.327999114990234
2018-06-01,40.56999969482422,37.900001525878906,38.119998931884766,40.099998474121094,1158000.0,34.358673095703125
2018-06-04,42.720001220703125,40.36000061035156,40.540000915527344,42.27000045776367,1357100.0,36.21798324584961
2018-06-05,42.33000183105469,40.25,42.279998779296875,40.45000076293945,774300.0,34.6585578918457
2018-06-06,40.90999984741211,38.79999923706055,40.77000045776367,39.709999084472656,1070000.0,34.024505615234375
2018-06-07,40.599998474121094,39.04999923706055,40.0,40.369998931884766,641600.0,34.59001159667969
2018-06-08,40.400001525878906,38.849998474121094,40.400001525878906,40.25,745800.0,34.48719787597656
2018-06-11,40.40999984741211,39.400001525878906,40.279998779296875,40.0099983215332,730100.0,34.281551361083984
2018-06-12,40.349998474121094,38.150001525878906,40.349998474121094,38.45000076293945,1014000.0,32.944908142089844
2018-06-13,38.93000030517578,37.220001220703125,38.45000076293945,38.790000915527344,1158000.0,33.236228942871094
2018-06-14,39.310001373291016,38.11000061035156,39.0,38.68000030517578,515800.0,33.1419792175293
2018-06-15,38.779998779296875,37.61000061035156,38.380001068115234,38.290000915527344,820900.0,32.80781555175781
2018-06-18,40.220001220703125,38.27000045776367,38.599998474121094,39.38999938964844,705600.0,33.75032424926758
2018-06-19,39.189998626708984,38.22999954223633,38.88999938964844,38.970001220703125,483400.0,33.390464782714844
2018-06-20,39.540000915527344,37.61000061035156,39.540000915527344,37.90999984741211,793200.0,32.482215881347656
2018-06-21,38.02000045776367,36.0,38.02000045776367,36.15999984741211,833900.0,30.982778549194336
2018-06-22,37.25,36.2599983215332,37.25,36.529998779296875,653800.0,31.299802780151367
2018-06-25,36.70000076293945,35.56999969482422,36.63999938964844,35.95000076293945,941300.0,30.802846908569336
2018-06-26,36.65999984741211,35.939998626708984,35.95000076293945,36.040000915527344,516800.0,30.879962921142578
2018-06-27,37.02000045776367,35.59000015258789,36.58000183105469,35.63999938964844,656900.0,30.5372314453125
2018-06-28,36.470001220703125,35.16999816894531,35.86000061035156,36.2400016784668,369700.0,31.051326751708984
2018-06-29,37.27000045776367,36.18000030517578,36.459999084472656,36.9900016784668,516300.0,31.693946838378906
2018-07-02,36.63999938964844,35.91999816894531,36.59000015258789,36.41999816894531,376500.0,31.20555305480957
2018-07-03,37.18000030517578,36.290000915527344,37.0,36.560001373291016,190100.0,31.325510025024414
2018-07-05,36.84000015258789,35.20000076293945,36.689998626708984,35.650001525878906,636200.0,30.545799255371094
2018-07-06,36.4900016784668,35.349998474121094,35.59000015258789,36.279998779296875,232500.0,31.085601806640625
2018-07-09,37.72999954223633,36.43000030517578,36.47999954223633,37.4900016784668,695000.0,32.12236022949219
2018-07-10,38.31999969482422,37.0099983215332,37.689998626708984,37.31999969482422,596300.0,31.97669792175293
2018-07-11,37.5099983215332,36.040000915527344,37.029998779296875,36.38999938964844,515000.0,31.179853439331055
2018-07-12,37.150001525878906,36.099998474121094,36.689998626708984,36.970001220703125,276500.0,31.676807403564453
2018-07-13,37.5099983215332,36.65999984741211,36.970001220703125,37.04999923706055,311900.0,31.7453556060791
2018-07-16,37.40999984741211,36.459999084472656,36.95000076293945,37.279998779296875,337500.0,31.942419052124023
2018-07-17,38.45000076293945,37.09000015258789,37.439998626708984,37.65999984741211,573700.0,32.26801681518555
2018-07-18,38.25,37.0,37.5,37.86000061035156,361800.0,32.43938446044922
2018-07-19,38.209999084472656,37.20000076293945,37.65999984741211,37.36000061035156,405200.0,32.01096725463867
2018-07-20,37.81999969482422,36.88999938964844,37.56999969482422,37.34000015258789,463300.0,31.993831634521484
2018-07-23,37.779998779296875,36.9900016784668,37.54999923706055,37.459999084472656,539100.0,32.09665298461914
2018-07-24,38.220001220703125,37.599998474121094,37.90999984741211,37.68000030517578,551400.0,32.285152435302734
2018-07-25,38.209999084472656,37.189998626708984,37.849998474121094,37.599998474121094,848900.0,32.216609954833984
2018-07-26,39.709999084472656,37.72999954223633,38.43000030517578,39.29999923706055,1180200.0,33.6732063293457
2018-07-27,39.7599983215332,37.279998779296875,39.0099983215332,37.81999969482422,1203900.0,32.40510940551758
2018-07-30,39.20000076293945,38.04999923706055,38.279998779296875,39.029998779296875,993600.0,33.441864013671875
2018-07-31,39.79999923706055,38.900001525878906,39.310001373291016,39.290000915527344,1076900.0,33.664642333984375
2018-08-01,39.41999816894531,38.029998779296875,39.20000076293945,38.16999816894531,808200.0,32.70499801635742
2018-08-02,38.150001525878906,36.310001373291016,37.959999084472656,36.81999969482422,1952300.0,31.548282623291016
2018-08-03,36.31999969482422,34.9900016784668,35.86000061035156,35.45000076293945,805000.0,31.006006240844727
2018-08-06,36.189998626708984,35.220001220703125,35.400001525878906,36.08000183105469,1027000.0,31.557029724121094
2018-08-07,36.86000061035156,36.04999923706055,36.220001220703125,36.220001220703125,648600.0,31.67948341369629
2018-08-08,36.20000076293945,34.9900016784668,36.13999938964844,35.2599983215332,896900.0,30.83982276916504
2018-08-09,35.70000076293945,33.849998474121094,35.220001220703125,34.18000030517578,1181700.0,29.895212173461914
2018-08-10,35.439998626708984,33.54999923706055,33.970001220703125,35.36000061035156,1604800.0,30.927291870117188
2018-08-13,35.47999954223633,33.25,35.2599983215332,33.47999954223633,1671700.0,29.2829647064209
2018-08-14,35.86000061035156,33.68000030517578,33.70000076293945,35.84000015258789,1636600.0,31.347118377685547
2018-08-15,35.43000030517578,33.43000030517578,35.310001373291016,34.2599983215332,1107800.0,29.96518325805664
2018-08-16,35.59000015258789,34.5,34.56999969482422,35.279998779296875,995100.0,30.857316970825195
2018-08-17,35.7400016784668,35.0,35.29999923706055,35.66999816894531,391500.0,31.198421478271484
2018-08-20,37.43000030517578,35.7599983215332,35.7599983215332,36.93000030517578,838000.0,32.30047607421875
2018-08-21,38.2400016784668,36.77000045776367,37.209999084472656,37.0099983215332,917300.0,32.370445251464844
2018-08-22,37.29999923706055,36.59000015258789,37.18000030517578,36.720001220703125,405600.0,32.116798400878906
2018-08-23,37.7400016784668,36.5099983215332,36.709999084472656,37.61000061035156,591900.0,32.89522171020508
2018-08-24,38.959999084472656,37.77000045776367,38.119998931884766,38.47999954223633,555200.0,33.656166076660156
2018-08-27,38.9900016784668,38.029998779296875,38.58000183105469,38.4900016784668,461400.0,33.664913177490234
2018-08-28,38.93000030517578,38.06999969482422,38.439998626708984,38.13999938964844,397800.0,33.358795166015625
2018-08-29,38.43000030517578,37.5,38.15999984741211,38.13999938964844,968400.0,33.358795166015625
2018-08-30,38.40999984741211,37.619998931884766,38.189998626708984,38.18000030517578,520000.0,33.393775939941406
2018-08-31,38.380001068115234,37.58000183105469,38.04999923706055,38.04999923706055,1050800.0,33.28007125854492
2018-09-04,39.08000183105469,38.060001373291016,38.27000045776367,38.66999816894531,813600.0,33.822349548339844
2018-09-05,38.630001068115234,36.06999969482422,38.43000030517578,37.02000045776367,895700.0,32.37919616699219
2018-09-06,38.04999923706055,36.5099983215332,36.810001373291016,37.09000015258789,669100.0,32.44041442871094
2018-09-07,37.7400016784668,36.61000061035156,37.599998474121094,37.65999984741211,832300.0,32.938961029052734
2018-09-10,38.869998931884766,37.68000030517578,37.790000915527344,38.84000015258789,813500.0,33.97104263305664
2018-09-11,39.75,38.2599983215332,38.689998626708984,39.529998779296875,675300.0,34.57453918457031
2018-09-12,40.40999984741211,38.70000076293945,39.95000076293945,39.08000183105469,819500.0,34.18095779418945
2018-09-13,39.040000915527344,37.93000030517578,38.9900016784668,38.290000915527344,651300.0,33.489986419677734
2018-09-14,38.349998474121094,37.20000076293945,38.349998474121094,38.0,584700.0,33.2363395690918
2018-09-17,38.66999816894531,37.63999938964844,38.0099983215332,38.65999984741211,500900.0,33.813602447509766
2018-09-18,39.7599983215332,38.75,38.75,39.09000015258789,855800.0,34.189697265625
2018-09-19,39.2599983215332,37.22999954223633,39.0099983215332,37.40999984741211,816600.0,32.720298767089844
2018-09-20,38.630001068115234,36.70000076293945,37.58000183105469,38.27000045776367,780000.0,33.47249221801758
2018-09-21,39.52000045776367,38.349998474121094,38.5099983215332,39.209999084472656,1667500.0,34.29465103149414
2018-09-24,40.9900016784668,39.29999923706055,39.529998779296875,40.75,907300.0,35.641597747802734
2018-09-25,41.88999938964844,40.650001525878906,41.0,40.849998474121094,691200.0,35.729068756103516
2018-09-26,40.970001220703125,39.790000915527344,40.79999923706055,40.4900016784668,776100.0,35.41419219970703
2018-09-27,40.97999954223633,39.880001068115234,40.72999954223633,40.33000183105469,383900.0,35.27425765991211
2018-09-28,40.77000045776367,39.810001373291016,40.150001525878906,40.220001220703125,381900.0,35.17803955078125
2018-10-01,40.959999084472656,40.06999969482422,40.52000045776367,40.61000061035156,365000.0,35.5191535949707
2018-10-02,40.720001220703125,39.529998779296875,40.599998474121094,40.209999084472656,479900.0,35.1693000793457
2018-10-03,41.9900016784668,40.220001220703125,40.349998474121094,41.619998931884766,536200.0,36.40253829956055
2018-10-04,41.65999984741211,40.869998931884766,41.459999084472656,41.540000915527344,484300.0,36.33256912231445
2018-10-05,41.790000915527344,40.88999938964844,41.56999969482422,41.47999954223633,358200.0,36.28009033203125
2018-10-08,41.529998779296875,39.099998474121094,41.209999084472656,39.83000183105469,724000.0,34.83693313598633
2018-10-09,40.27000045776367,38.439998626708984,39.90999984741211,39.130001068115234,908000.0,34.22468566894531
2018-10-10,39.689998626708984,38.77000045776367,39.130001068115234,39.060001373291016,587000.0,34.16345977783203
2018-10-11,39.16999816894531,37.40999984741211,38.75,37.52000045776367,630900.0,32.8165168762207
2018-10-12,38.279998779296875,37.119998931884766,38.13999938964844,37.880001068115234,427100.0,33.13138198852539
2018-10-15,37.9900016784668,37.25,37.849998474121094,37.400001525878906,440900.0,32.71156311035156
2018-10-16,39.099998474121094,37.349998474121094,37.560001373291016,38.970001220703125,389200.0,34.084747314453125
2018-10-17,39.099998474121094,38.209999084472656,38.84000015258789,38.43000030517578,305500.0,33.612430572509766
2018-10-18,39.56999969482422,38.0,38.20000076293945,39.22999954223633,366500.0,34.31214904785156
2018-10-19,39.150001525878906,37.40999984741211,39.0,37.619998931884766,500600.0,32.90398025512695
2018-10-22,38.79999923706055,37.689998626708984,37.7599983215332,38.369998931884766,515200.0,33.55995559692383
2018-10-23,38.310001373291016,36.04999923706055,37.61000061035156,38.040000915527344,744500.0,33.27132797241211
2018-10-24,38.5099983215332,35.58000183105469,38.40999984741211,35.61000061035156,1095500.0,31.145950317382812
2018-10-25,41.189998626708984,37.709999084472656,38.040000915527344,40.5,2393800.0,35.422943115234375
2018-10-26,41.5099983215332,39.22999954223633,39.77000045776367,40.83000183105469,1172700.0,35.711570739746094
2018-10-29,42.0,40.08000183105469,41.25,40.75,901400.0,35.641597747802734
2018-10-30,42.400001525878906,40.79999923706055,40.79999923706055,42.34000015258789,1130000.0,37.032283782958984
2018-10-31,44.459999084472656,42.77000045776367,43.2400016784668,43.0,1438100.0,37.60954284667969
2018-11-01,43.09000015258789,41.540000915527344,42.939998626708984,42.15999984741211,711200.0,36.874847412109375
2018-11-02,42.63999938964844,41.4900016784668,41.81999969482422,42.11000061035156,615100.0,37.49818420410156
2018-11-05,42.84000015258789,41.619998931884766,42.5,42.04999923706055,541400.0,37.44475173950195
2018-11-06,41.31999969482422,39.59000015258789,41.09000015258789,39.7599983215332,970200.0,35.40555191040039
2018-11-07,41.97999954223633,39.93000030517578,40.56999969482422,41.810001373291016,605200.0,37.23103713989258
2018-11-08,42.29999923706055,40.33000183105469,41.61000061035156,40.470001220703125,568000.0,36.03779602050781
2018-11-09,40.279998779296875,39.54999923706055,40.040000915527344,39.97999954223633,501700.0,35.60145950317383
2018-11-12,40.70000076293945,39.619998931884766,40.0099983215332,39.63999938964844,644000.0,35.2986946105957
2018-11-13,39.95000076293945,38.36000061035156,39.630001068115234,38.47999954223633,628800.0,34.26573181152344
2018-11-14,39.459999084472656,37.75,38.91999816894531,37.959999084472656,841600.0,33.80268096923828
2018-11-15,38.0,36.9900016784668,37.5,37.75,1002100.0,33.615684509277344
2018-11-16,39.27000045776367,37.810001373291016,37.86000061035156,38.58000183105469,510500.0,34.35477828979492
2018-11-19,38.900001525878906,37.7599983215332,38.45000076293945,38.29999923706055,329500.0,34.10544204711914
2018-11-20,37.97999954223633,36.34000015258789,37.599998474121094,37.459999084472656,545000.0,33.35744094848633
2018-11-21,38.43000030517578,37.59000015258789,37.689998626708984,38.0,298500.0,33.83829879760742
2018-11-23,37.61000061035156,36.25,37.15999984741211,36.29999923706055,202500.0,32.324485778808594
2018-11-26,38.119998931884766,36.66999816894531,36.66999816894531,37.88999938964844,472600.0,33.740352630615234
2018-11-27,37.79999923706055,37.130001068115234,37.63999938964844,37.59000015258789,305600.0,33.473201751708984
2018-11-28,37.91999816894531,36.2599983215332,37.47999954223633,37.91999816894531,481700.0,33.76706314086914
2018-11-29,38.65999984741211,37.79999923706055,37.810001373291016,38.2599983215332,549900.0,34.069828033447266
2018-11-30,38.5,37.45000076293945,38.02000045776367,37.7400016784668,510300.0,33.60677719116211
2018-12-03,38.65999984741211,37.0099983215332,38.61000061035156,38.25,624800.0,34.0609245300293
2018-12-04,39.75,37.790000915527344,38.29999923706055,38.54999923706055,613800.0,34.328067779541016
2018-12-06,38.75,37.650001525878906,37.880001068115234,38.72999954223633,549600.0,34.48835372924805
2018-12-07,40.18000030517578,37.560001373291016,39.41999816894531,37.65999984741211,659700.0,33.53553771972656
2018-12-10,38.02000045776367,36.529998779296875,37.540000915527344,36.869998931884766,555500.0,32.83205795288086
2018-12-11,37.790000915527344,36.380001068115234,37.0099983215332,36.77000045776367,493400.0,32.74300765991211
2018-12-12,37.86000061035156,37.16999816894531,37.380001068115234,37.220001220703125,436300.0,33.14373016357422
2018-12-13,37.47999954223633,36.45000076293945,36.95000076293945,37.02000045776367,476800.0,32.965633392333984
2018-12-14,37.470001220703125,35.470001220703125,36.52000045776367,35.529998779296875,566600.0,31.638811111450195
2018-12-17,35.779998779296875,34.220001220703125,35.34000015258789,34.599998474121094,945700.0,30.81066131591797
2018-12-18,34.970001220703125,33.540000915527344,34.560001373291016,33.77000045776367,1263100.0,30.071563720703125
2018-12-19,34.56999969482422,33.130001068115234,33.70000076293945,33.470001220703125,1020200.0,29.804420471191406
2018-12-20,34.290000915527344,31.920000076293945,33.09000015258789,32.18000030517578,1049400.0,28.655698776245117
2018-12-21,32.38999938964844,30.860000610351562,31.799999237060547,31.09000015258789,2618900.0,27.685073852539062
2018-12-24,31.399999618530273,30.459999084472656,31.020000457763672,30.469999313354492,483300.0,27.132976531982422
2018-12-26,33.31999969482422,30.690000534057617,30.790000915527344,33.25,577400.0,29.60851287841797
2018-12-27,33.40999984741211,31.8799991607666,32.52000045776367,33.40999984741211,563700.0,29.750988006591797
2018-12-28,34.11000061035156,33.15999984741211,33.5,33.61000061035156,488800.0,29.929088592529297
2018-12-31,34.5,33.56999969482422,33.72999954223633,34.47999954223633,594800.0,30.703807830810547
2019-01-02,35.599998474121094,33.709999084472656,33.86000061035156,35.150001525878906,550000.0,31.300430297851562
2019-01-03,35.16999816894531,33.880001068115234,35.099998474121094,34.66999816894531,514600.0,30.872997283935547
2019-01-04,36.779998779296875,35.18000030517578,35.31999969482422,36.77000045776367,645200.0,32.74300765991211
2019-01-07,37.529998779296875,36.0099983215332,37.119998931884766,37.08000183105469,536500.0,33.01905822753906
2019-01-08,37.7599983215332,36.0,37.630001068115234,36.369998931884766,907800.0,32.38681411743164
2019-01-09,37.09000015258789,36.279998779296875,36.810001373291016,36.65999984741211,689400.0,32.645057678222656
2019-01-10,37.11000061035156,36.31999969482422,36.439998626708984,37.0099983215332,329200.0,32.95672607421875
2019-01-11,37.150001525878906,36.529998779296875,36.77000045776367,36.810001373291016,367200.0,32.77863311767578
2019-01-14,36.93000030517578,36.189998626708984,36.61000061035156,36.619998931884766,336800.0,32.60943603515625
2019-01-15,37.060001373291016,36.349998474121094,36.880001068115234,37.0,311800.0,32.94782257080078
2019-01-16,37.59000015258789,36.5,36.79999923706055,37.150001525878906,342100.0,33.081390380859375
2019-01-17,38.13999938964844,37.0099983215332,37.0099983215332,38.11000061035156,263700.0,33.936256408691406
2019-01-18,39.7400016784668,38.45000076293945,38.5,39.38999938964844,1068800.0,35.07606887817383
2019-01-22,39.4900016784668,38.619998931884766,39.470001220703125,38.75,960400.0,34.50616455078125
2019-01-23,39.33000183105469,38.20000076293945,38.959999084472656,38.310001373291016,443600.0,34.11435317993164
2019-01-24,38.31999969482422,37.41999816894531,38.310001373291016,37.5099983215332,404800.0,33.4019660949707
2019-01-25,38.650001525878906,37.060001373291016,37.7599983215332,38.599998474121094,640000.0,34.37259292602539
2019-01-28,38.720001220703125,37.91999816894531,38.29999923706055,38.33000183105469,575600.0,34.13216018676758
2019-01-29,39.54999923706055,38.27000045776367,38.66999816894531,38.91999816894531,577000.0,34.65754318237305
2019-01-30,40.40999984741211,39.150001525878906,39.29999923706055,40.06999969482422,488700.0,35.68159484863281
2019-01-31,40.91999816894531,39.79999923706055,40.439998626708984,40.150001525878906,517100.0,35.752838134765625
2019-02-01,40.66999816894531,39.279998779296875,40.40999984741211,39.54999923706055,577600.0,35.218544006347656
2019-02-04,40.099998474121094,39.29999923706055,39.54999923706055,39.540000915527344,545600.0,35.20964050292969
2019-02-05,40.7400016784668,39.459999084472656,39.75,40.4900016784668,558700.0,36.05560302734375
2019-02-06,41.189998626708984,40.2599983215332,40.400001525878906,40.88999938964844,501400.0,36.41179275512695
2019-02-07,41.15999984741211,39.869998931884766,40.77000045776367,40.439998626708984,464500.0,36.01107406616211
2019-02-08,40.599998474121094,39.59000015258789,40.33000183105469,40.16999816894531,414400.0,35.77064895629883
2019-02-11,40.91999816894531,39.959999084472656,40.15999984741211,40.540000915527344,331900.0,36.100128173828125
2019-02-12,41.189998626708984,40.58000183105469,40.970001220703125,40.720001220703125,359900.0,36.26041793823242
2019-02-13,41.790000915527344,40.90999984741211,40.970001220703125,41.70000076293945,362000.0,37.13308334350586
2019-02-14,42.5,41.470001220703125,41.66999816894531,42.09000015258789,361800.0,37.480377197265625
2019-02-15,42.599998474121094,41.810001373291016,42.470001220703125,42.58000183105469,412600.0,37.91670608520508
2019-02-19,42.849998474121094,42.29999923706055,42.47999954223633,42.68000030517578,344300.0,38.00575637817383
2019-02-20,43.0,42.16999816894531,42.72999954223633,42.97999954223633,673100.0,38.27290344238281
2019-02-21,43.95000076293945,41.040000915527344,42.16999816894531,41.40999984741211,1232100.0,36.874847412109375
2019-02-22,43.540000915527344,41.93000030517578,42.150001525878906,42.70000076293945,1163000.0,38.023563385009766
2019-02-25,43.20000076293945,41.290000915527344,42.810001373291016,41.290000915527344,643200.0,36.76798629760742
2019-02-26,42.099998474121094,41.29999923706055,41.29999923706055,41.40999984741211,832300.0,36.874847412109375
2019-02-27,42.040000915527344,40.70000076293945,41.68000030517578,41.08000183105469,552900.0,36.58098602294922
2019-02-28,41.59000015258789,40.27000045776367,41.099998474121094,40.540000915527344,615500.0,36.100128173828125
2019-03-01,40.56999969482422,39.75,40.18000030517578,40.38999938964844,470600.0,36.64448928833008
2019-03-04,40.79999923706055,39.36000061035156,40.5099983215332,39.88999938964844,428200.0,36.19084930419922
2019-03-05,40.279998779296875,39.279998779296875,39.959999084472656,39.54999923706055,380200.0,35.882381439208984
2019-03-06,40.290000915527344,39.400001525878906,39.560001373291016,39.790000915527344,558600.0,36.100128173828125
2019-03-07,40.08000183105469,39.13999938964844,40.029998779296875,39.34000015258789,395900.0,35.691856384277344
2019-03-08,39.119998931884766,38.119998931884766,38.779998779296875,38.5,464600.0,34.929752349853516
2019-03-11,39.86000061035156,38.709999084472656,38.77000045776367,39.439998626708984,350600.0,35.7825813293457
2019-03-12,40.099998474121094,39.33000183105469,39.54999923706055,39.970001220703125,359800.0,36.26343536376953
2019-03-13,40.84000015258789,40.08000183105469,40.25,40.560001373291016,414500.0,36.79872131347656
2019-03-14,41.18000030517578,40.439998626708984,40.619998931884766,41.06999969482422,353000.0,37.26142883300781
2019-03-15,41.65999984741211,40.72999954223633,40.869998931884766,41.040000915527344,968400.0,37.23420715332031
2019-03-18,41.849998474121094,41.0,41.04999923706055,41.63999938964844,304300.0,37.778568267822266
2019-03-19,41.970001220703125,40.939998626708984,41.869998931884766,41.22999954223633,804900.0,37.406593322753906
2019-03-20,42.119998931884766,40.75,41.310001373291016,41.540000915527344,670000.0,37.687843322753906
2019-03-21,42.34000015258789,41.5,41.540000915527344,41.880001068115234,564800.0,37.996315002441406
2019-03-22,41.7400016784668,40.459999084472656,41.52000045776367,40.68000030517578,469100.0,36.907596588134766
2019-03-25,41.810001373291016,40.029998779296875,40.54999923706055,41.130001068115234,331800.0,37.31586456298828
2019-03-26,42.18000030517578,41.2400016784668,41.43000030517578,41.86000061035156,282300.0,37.97816467285156
2019-03-27,42.08000183105469,41.400001525878906,41.779998779296875,42.0,415500.0,38.10518264770508
2019-03-28,42.22999954223633,41.41999816894531,42.0,41.709999084472656,561800.0,37.842079162597656
2019-03-29,42.25,41.13999938964844,41.91999816894531,41.20000076293945,341400.0,37.379371643066406
2019-04-01,41.939998626708984,41.41999816894531,41.66999816894531,41.790000915527344,325500.0,37.91465759277344
2019-04-02,42.09000015258789,41.189998626708984,41.810001373291016,41.900001525878906,496600.0,38.014461517333984
2019-04-03,42.619998931884766,41.95000076293945,42.220001220703125,42.06999969482422,282000.0,38.16869354248047
2019-04-04,42.7400016784668,41.97999954223633,42.209999084472656,42.720001220703125,290500.0,38.758419036865234
2019-04-05,43.34000015258789,42.33000183105469,42.540000915527344,43.34000015258789,400500.0,39.3209228515625
2019-04-08,43.91999816894531,42.91999816894531,43.650001525878906,43.18000030517578,520500.0,39.175758361816406
2019-04-09,43.13999938964844,41.619998931884766,43.0099983215332,41.77000045776367,575100.0,37.896514892578125
2019-04-10,43.529998779296875,41.900001525878906,42.04999923706055,43.279998779296875,436600.0,39.266483306884766
2019-04-11,43.849998474121094,42.93000030517578,43.099998474121094,43.36000061035156,372800.0,39.339073181152344
2019-04-12,44.220001220703125,43.20000076293945,43.86000061035156,43.75,335900.0,39.692901611328125
2019-04-15,43.7599983215332,42.75,43.720001220703125,42.97999954223633,396000.0,38.994300842285156
2019-04-16,43.38999938964844,42.380001068115234,42.939998626708984,43.2400016784668,409700.0,39.230194091796875
2019-04-17,43.54999923706055,42.970001220703125,43.2400016784668,43.09000015258789,283500.0,39.0941047668457
2019-04-18,43.15999984741211,42.08000183105469,43.09000015258789,42.4900016784668,322200.0,38.54974365234375
2019-04-22,43.5,42.56999969482422,42.869998931884766,43.150001525878906,331000.0,39.14854431152344
2019-04-23,43.220001220703125,42.150001525878906,43.220001220703125,42.779998779296875,442800.0,38.8128547668457
2019-04-24,43.040000915527344,41.349998474121094,42.959999084472656,41.7400016784668,591900.0,37.869300842285156
2019-04-25,46.220001220703125,42.0,42.27000045776367,45.81999969482422,1629000.0,41.57094192504883
2019-04-26,45.849998474121094,44.18000030517578,45.84000015258789,45.630001068115234,866100.0,41.398563385009766
2019-04-29,45.81999969482422,45.0,45.650001525878906,45.31999969482422,504800.0,41.117305755615234
2019-04-30,46.310001373291016,45.349998474121094,45.83000183105469,45.61000061035156,746200.0,41.38041687011719
2019-05-01,46.16999816894531,44.68000030517578,45.56999969482422,44.75,543400.0,40.60017013549805
2019-05-02,45.0,43.72999954223633,44.81999969482422,44.630001068115234,527100.0,40.491294860839844
2019-05-03,45.20000076293945,44.13999938964844,44.34000015258789,45.08000183105469,396200.0,41.5986213684082
2019-05-06,45.25,44.290000915527344,44.4900016784668,44.970001220703125,395900.0,41.49711990356445
2019-05-07,44.91999816894531,43.380001068115234,44.290000915527344,44.77000045776367,467500.0,41.312564849853516
2019-05-08,44.720001220703125,43.93000030517578,44.70000076293945,44.2400016784668,520000.0,40.8234977722168
2019-05-09,44.2599983215332,42.97999954223633,43.9900016784668,43.86000061035156,427700.0,40.47283935546875
2019-05-10,44.459999084472656,43.189998626708984,43.72999954223633,44.189998626708984,509700.0,40.7773551940918
2019-05-13,44.15999984741211,43.41999816894531,43.540000915527344,43.63999938964844,529000.0,40.26982879638672
2019-05-14,44.7599983215332,43.779998779296875,43.779998779296875,44.61000061035156,422500.0,41.164920806884766
2019-05-15,45.16999816894531,43.90999984741211,44.290000915527344,45.11000061035156,433500.0,41.626304626464844
2019-05-16,46.77000045776367,45.060001373291016,45.189998626708984,46.66999816894531,652900.0,43.06583023071289
2019-05-17,46.97999954223633,46.33000183105469,46.33000183105469,46.54999923706055,656100.0,42.95509719848633
2019-05-20,46.779998779296875,45.93000030517578,46.310001373291016,46.380001068115234,340800.0,42.79823303222656
2019-05-21,47.5,46.599998474121094,46.7400016784668,47.25,413400.0,43.601043701171875
2019-05-22,48.79999923706055,46.369998931884766,47.939998626708984,46.41999816894531,859200.0,42.83513259887695
2019-05-23,45.459999084472656,43.56999969482422,45.45000076293945,44.0,717400.0,40.60202407836914
2019-05-24,44.61000061035156,43.709999084472656,44.540000915527344,44.380001068115234,447300.0,40.95268249511719
2019-05-28,44.720001220703125,43.77000045776367,44.41999816894531,44.0099983215332,403700.0,40.61125564575195
2019-05-29,44.369998931884766,43.2599983215332,43.599998474121094,44.310001373291016,326000.0,40.888084411621094
2019-05-30,44.83000183105469,43.689998626708984,44.209999084472656,43.84000015258789,314100.0,40.45438003540039
2019-05-31,43.459999084472656,42.279998779296875,43.11000061035156,42.470001220703125,443500.0,39.190185546875
2019-06-03,43.68000030517578,42.52000045776367,42.630001068115234,43.65999984741211,423900.0,40.28828811645508
2019-06-04,45.939998626708984,43.91999816894531,44.09000015258789,45.68000030517578,499700.0,42.15229034423828
2019-06-05,46.380001068115234,44.79999923706055,45.56999969482422,45.970001220703125,531900.0,42.419891357421875
2019-06-06,46.380001068115234,43.97999954223633,46.02000045776367,44.7400016784668,516500.0,41.284881591796875
2019-06-07,45.130001068115234,44.52000045776367,44.90999984741211,44.65999984741211,374900.0,41.2110595703125
2019-06-10,45.79999923706055,44.59000015258789,44.93000030517578,44.70000076293945,446600.0,41.24797058105469
2019-06-11,45.290000915527344,44.38999938964844,44.970001220703125,44.65999984741211,354500.0,41.2110595703125
2019-06-12,44.88999938964844,44.2400016784668,44.52000045776367,44.31999969482422,321000.0,40.897315979003906
2019-06-13,45.61000061035156,44.91999816894531,44.91999816894531,45.439998626708984,354600.0,41.930816650390625
2019-06-14,45.70000076293945,44.439998626708984,45.369998931884766,45.58000183105469,381000.0,42.06001281738281
2019-06-17,46.09000015258789,45.27000045776367,45.380001068115234,45.97999954223633,340300.0,42.429115295410156
2019-06-18,47.2400016784668,45.88999938964844,46.0,46.540000915527344,403200.0,42.94587326049805
2019-06-19,47.5,46.31999969482422,46.58000183105469,47.13999938964844,452100.0,43.499534606933594
2019-06-20,48.29999923706055,47.4900016784668,47.5099983215332,47.869998931884766,662300.0,44.173160552978516
2019-06-21,50.0,47.560001373291016,47.93000030517578,48.599998474121094,1399700.0,44.84678268432617
2019-06-24,48.5,47.66999816894531,48.380001068115234,47.77000045776367,460000.0,44.08088302612305
2019-06-25,48.84000015258789,47.869998931884766,47.93000030517578,48.38999938964844,438600.0,44.65299987792969
2019-06-26,49.279998779296875,48.5,48.84000015258789,48.689998626708984,437400.0,44.929832458496094
2019-06-27,49.900001525878906,48.83000183105469,48.83000183105469,49.650001525878906,604800.0,45.815696716308594
2019-06-28,50.40999984741211,49.599998474121094,49.790000915527344,49.9900016784668,2151800.0,46.12944412231445
2019-07-01,50.77000045776367,49.849998474121094,50.47999954223633,50.0,464700.0,46.138668060302734
2019-07-02,50.65999984741211,49.380001068115234,49.939998626708984,50.63999938964844,592900.0,46.72924041748047
2019-07-03,50.97999954223633,50.31999969482422,50.689998626708984,50.79999923706055,170000.0,46.87688446044922
2019-07-05,51.34000015258789,50.290000915527344,50.470001220703125,51.150001525878906,263900.0,47.19985580444336
2019-07-08,51.97999954223633,51.15999984741211,51.2400016784668,51.560001373291016,533500.0,47.57819747924805
2019-07-09,52.2599983215332,51.209999084472656,51.7599983215332,51.56999969482422,693400.0,47.58742141723633
2019-07-10,52.790000915527344,51.810001373291016,52.06999969482422,52.36000061035156,470300.0,48.316410064697266
2019-07-11,52.81999969482422,52.150001525878906,52.4900016784668,52.709999084472656,392300.0,48.639381408691406
2019-07-12,53.75,52.41999816894531,53.0,52.880001068115234,355500.0,48.7962532043457
2019-07-15,53.63999938964844,52.709999084472656,52.91999816894531,53.59000015258789,318700.0,49.45142364501953
2019-07-16,54.2599983215332,53.31999969482422,53.63999938964844,53.619998931884766,391600.0,49.47910690307617
2019-07-17,53.91999816894531,52.7599983215332,53.5,53.2400016784668,415700.0,49.12845230102539
2019-07-18,54.310001373291016,53.09000015258789,53.09000015258789,54.16999816894531,347700.0,49.98663330078125
2019-07-19,54.7599983215332,53.91999816894531,54.20000076293945,53.959999084472656,422500.0,49.792850494384766
2019-07-22,54.65999984741211,53.36000061035156,54.29999923706055,53.68000030517578,570400.0,49.53447723388672
2019-07-23,54.279998779296875,53.439998626708984,54.08000183105469,53.91999816894531,346200.0,49.75593566894531
2019-07-24,54.959999084472656,53.56999969482422,53.91999816894531,54.779998779296875,449100.0,50.54952621459961
2019-07-25,54.880001068115234,51.52000045776367,54.63999938964844,53.650001525878906,672100.0,49.50679016113281
2019-07-26,55.43000030517578,53.68000030517578,53.91999816894531,55.16999816894531,457100.0,50.90940856933594
2019-07-29,55.52000045776367,53.5099983215332,55.099998474121094,53.52000045776367,763500.0,49.3868293762207
2019-07-30,53.119998931884766,51.86000061035156,52.709999084472656,52.619998931884766,885000.0,48.556331634521484
2019-07-31,53.9900016784668,52.310001373291016,52.619998931884766,53.06999969482422,658200.0,48.97158432006836
2019-08-01,53.130001068115234,50.81999969482422,52.72999954223633,50.91999816894531,872900.0,46.987613677978516
2019-08-02,50.25,49.18000030517578,50.16999816894531,49.29999923706055,791700.0,46.17280197143555
2019-08-05,48.97999954223633,47.619998931884766,48.310001373291016,48.5,695000.0,45.42354965209961
2019-08-06,49.27000045776367,48.130001068115234,49.08000183105469,48.70000076293945,339000.0,45.61086654663086
2019-08-07,48.06999969482422,46.130001068115234,47.900001525878906,46.689998626708984,841300.0,43.72835922241211
2019-08-08,47.65999984741211,46.79999923706055,47.099998474121094,47.189998626708984,741000.0,44.19664001464844
2019-08-09,47.380001068115234,44.689998626708984,47.04999923706055,45.45000076293945,661300.0,42.5670166015625
2019-08-12,45.79999923706055,44.36000061035156,45.18000030517578,44.47999954223633,834300.0,41.658546447753906
2019-08-13,46.0,44.40999984741211,44.5,45.540000915527344,538500.0,42.651309967041016
2019-08-14,45.18000030517578,44.349998474121094,44.540000915527344,44.47999954223633,610500.0,41.658546447753906
2019-08-15,44.45000076293945,41.0,44.34000015258789,41.31999969482422,853500.0,38.69898986816406
2019-08-16,42.47999954223633,41.630001068115234,41.63999938964844,42.060001373291016,502600.0,39.392051696777344
2019-08-19,44.45000076293945,41.0,42.63999938964844,42.83000183105469,732100.0,40.11321258544922
2019-08-20,43.2400016784668,42.22999954223633,42.720001220703125,42.279998779296875,645900.0,39.59809112548828
2019-08-21,43.060001373291016,41.56999969482422,42.88999938964844,42.04999923706055,606900.0,39.38268280029297
2019-08-22,43.060001373291016,41.599998474121094,42.099998474121094,42.47999954223633,626200.0,39.7854118347168
2019-08-23,42.34000015258789,39.97999954223633,42.150001525878906,40.11000061035156,455200.0,37.56574249267578
2019-08-26,40.91999816894531,40.16999816894531,40.369998931884766,40.540000915527344,319700.0,37.968467712402344
2019-08-27,41.150001525878906,39.869998931884766,40.7400016784668,40.0,327100.0,37.46271896362305
2019-08-28,39.86000061035156,38.40999984741211,39.70000076293945,38.59000015258789,709800.0,36.142154693603516
2019-08-29,39.68000030517578,38.43000030517578,38.790000915527344,38.90999984741211,630500.0,36.44186019897461
2019-08-30,40.0,39.0099983215332,39.25,39.779998779296875,1264000.0,37.256675720214844
2019-09-03,40.72999954223633,39.029998779296875,39.22999954223633,40.59000015258789,548800.0,38.01529312133789
2019-09-04,40.9900016784668,39.869998931884766,40.83000183105469,40.150001525878906,517100.0,37.603206634521484
2019-09-05,41.52000045776367,40.22999954223633,40.790000915527344,40.2599983215332,620000.0,37.70622634887695
2019-09-06,41.27000045776367,40.189998626708984,40.310001373291016,40.790000915527344,745500.0,38.20261001586914
2019-09-09,42.040000915527344,40.84000015258789,41.150001525878906,42.0,629300.0,39.33585739135742
2019-09-10,43.5099983215332,41.5,41.54999923706055,42.4900016784668,846800.0,39.79478073120117
2019-09-11,43.33000183105469,40.7599983215332,42.77000045776367,41.36000061035156,870300.0,38.736454010009766
2019-09-12,41.33000183105469,40.209999084472656,40.81999969482422,41.02000045776367,585600.0,38.41802215576172
2019-09-13,42.02000045776367,40.93000030517578,41.060001373291016,41.04999923706055,611900.0,38.44611358642578
2019-09-16,43.900001525878906,41.5,41.5,43.459999084472656,1126500.0,40.703243255615234
2019-09-17,44.099998474121094,42.84000015258789,43.31999969482422,43.70000076293945,559400.0,40.92802429199219
2019-09-18,44.0099983215332,42.88999938964844,43.650001525878906,43.75,964300.0,40.974849700927734
2019-09-19,44.470001220703125,43.630001068115234,44.119998931884766,44.16999816894531,533100.0,41.36820983886719
2019-09-20,45.34000015258789,44.369998931884766,44.45000076293945,45.11000061035156,971400.0,42.24858093261719
2019-09-23,44.900001525878906,44.0099983215332,44.58000183105469,44.310001373291016,550800.0,41.499332427978516
2019-09-24,44.66999816894531,42.939998626708984,44.5099983215332,43.08000183105469,341300.0,40.347354888916016
2019-09-25,44.54999923706055,43.0,43.0,44.310001373291016,315200.0,41.499332427978516
2019-09-26,44.61000061035156,43.599998474121094,44.04999923706055,44.560001373291016,371100.0,41.73347473144531
2019-09-27,44.81999969482422,44.060001373291016,44.439998626708984,44.279998779296875,363800.0,41.471229553222656
2019-09-30,44.40999984741211,43.869998931884766,44.099998474121094,44.029998779296875,446500.0,41.23708724975586
2019-10-01,44.63999938964844,43.459999084472656,44.380001068115234,43.54999923706055,606700.0,40.78753662109375
2019-10-02,43.27000045776367,41.5099983215332,43.189998626708984,42.060001373291016,411400.0,39.392051696777344
2019-10-03,42.439998626708984,41.15999984741211,41.77000045776367,42.40999984741211,390300.0,39.7198486328125
2019-10-04,43.45000076293945,42.43000030517578,42.91999816894531,43.220001220703125,298900.0,40.47847366333008
2019-10-07,43.790000915527344,42.369998931884766,43.099998474121094,42.599998474121094,425200.0,39.897796630859375
2019-10-08,43.06999969482422,42.0099983215332,42.25,42.58000183105469,319700.0,39.879066467285156
2019-10-09,43.369998931884766,42.43000030517578,43.220001220703125,42.91999816894531,432000.0,40.1974983215332
2019-10-10,44.18000030517578,43.11000061035156,43.34000015258789,43.95000076293945,353600.0,41.162166595458984
2019-10-11,44.95000076293945,43.720001220703125,44.369998931884766,43.75,316200.0,40.974849700927734
2019-10-14,43.70000076293945,43.040000915527344,43.31999969482422,43.119998931884766,259500.0,40.38481140136719
2019-10-15,44.47999954223633,42.97999954223633,43.20000076293945,43.790000915527344,429400.0,41.01231384277344
2019-10-16,43.95000076293945,43.02000045776367,43.56999969482422,43.09000015258789,221800.0,40.35671615600586
2019-10-17,44.310001373291016,43.2400016784668,43.36000061035156,44.22999954223633,263900.0,41.42440414428711
2019-10-18,44.630001068115234,43.650001525878906,43.88999938964844,44.27000045776367,395400.0,41.46186447143555
2019-10-21,45.66999816894531,44.630001068115234,44.790000915527344,45.459999084472656,382200.0,42.57638168334961
2019-10-22,45.619998931884766,44.58000183105469,45.41999816894531,44.709999084472656,396400.0,41.873958587646484
2019-10-23,44.95000076293945,43.959999084472656,44.599998474121094,44.59000015258789,525400.0,41.761566162109375
2019-10-24,46.58000183105469,42.720001220703125,45.5,44.459999084472656,1143300.0,41.63981628417969
2019-10-25,45.95000076293945,44.02000045776367,44.279998779296875,45.59000015258789,566800.0,42.69813537597656
2019-10-28,47.70000076293945,46.06999969482422,46.06999969482422,47.11000061035156,670000.0,44.12171936035156
2019-10-29,48.43000030517578,47.150001525878906,47.22999954223633,47.880001068115234,519400.0,44.84287643432617
2019-10-30,47.86000061035156,46.06999969482422,47.81999969482422,46.70000076293945,643600.0,43.737728118896484
2019-10-31,47.560001373291016,46.27000045776367,46.70000076293945,47.41999816894531,681100.0,44.412052154541016
2019-11-01,47.31999969482422,46.34000015258789,46.880001068115234,46.939998626708984,514600.0,44.716896057128906
2019-11-04,47.9900016784668,47.099998474121094,47.380001068115234,47.2599983215332,492300.0,45.02174377441406
2019-11-05,47.9900016784668,47.060001373291016,47.40999984741211,47.72999954223633,436700.0,45.469482421875
2019-11-06,47.59000015258789,46.13999938964844,47.41999816894531,46.650001525878906,432400.0,44.440635681152344
2019-11-07,47.83000183105469,46.880001068115234,47.08000183105469,47.16999816894531,317300.0,44.936004638671875
2019-11-08,47.220001220703125,46.5,47.099998474121094,47.02000045776367,243800.0,44.79310989379883
2019-11-11,47.540000915527344,46.459999084472656,46.68000030517578,46.93000030517578,296500.0,44.707374572753906
2019-11-12,47.7599983215332,46.52000045776367,47.25,46.77000045776367,353200.0,44.55495071411133
2019-11-13,46.970001220703125,46.400001525878906,46.5,46.529998779296875,293400.0,44.326316833496094
2019-11-14,47.040000915527344,46.33000183105469,46.54999923706055,46.86000061035156,309600.0,44.640689849853516
2019-11-15,47.439998626708984,46.33000183105469,47.369998931884766,46.52000045776367,356100.0,44.31679153442383
2019-11-18,46.54999923706055,44.900001525878906,46.41999816894531,45.290000915527344,542500.0,43.14504623413086
2019-11-19,45.25,44.31999969482422,45.25,44.779998779296875,512800.0,42.65919494628906
2019-11-20,45.189998626708984,44.33000183105469,44.7599983215332,44.7400016784668,553000.0,42.62109375
2019-11-21,45.86000061035156,44.66999816894531,44.849998474121094,45.52000045776367,499700.0,43.36415100097656
2019-11-22,45.9900016784668,44.880001068115234,45.7400016784668,45.290000915527344,463700.0,43.14504623413086
2019-11-25,45.72999954223633,45.0099983215332,45.369998931884766,45.11000061035156,367100.0,42.973567962646484
2019-11-26,45.47999954223633,44.77000045776367,45.150001525878906,44.790000915527344,486600.0,42.66872787475586
2019-11-27,44.939998626708984,43.54999923706055,44.84000015258789,44.040000915527344,514100.0,41.95424270629883
2019-11-29,44.0099983215332,43.369998931884766,43.790000915527344,43.38999938964844,213400.0,41.33502960205078
2019-12-02,44.29999923706055,43.5,43.5,43.93000030517578,369000.0,41.84945297241211
2019-12-03,43.599998474121094,42.18000030517578,43.529998779296875,42.47999954223633,512900.0,40.4681282043457
2019-12-04,43.099998474121094,42.34000015258789,42.650001525878906,42.47999954223633,399400.0,40.4681282043457
2019-12-05,42.86000061035156,42.22999954223633,42.47999954223633,42.29999923706055,531100.0,40.29664993286133
2019-12-06,43.029998779296875,42.29999923706055,42.29999923706055,42.470001220703125,569700.0,40.45859909057617
2019-12-09,42.36000061035156,40.86000061035156,42.189998626708984,40.95000076293945,597900.0,39.01058578491211
2019-12-10,41.90999984741211,40.72999954223633,40.939998626708984,41.81999969482422,426700.0,39.83938217163086
2019-12-11,42.540000915527344,41.369998931884766,41.81999969482422,41.61000061035156,386500.0,39.63933181762695
2019-12-12,42.369998931884766,41.41999816894531,41.56999969482422,41.63999938964844,417000.0,39.66790771484375
2019-12-13,42.20000076293945,41.060001373291016,41.86000061035156,41.599998474121094,515000.0,39.62980270385742
2019-12-16,43.08000183105469,41.619998931884766,41.70000076293945,42.810001373291016,551100.0,40.78249740600586
2019-12-17,42.939998626708984,41.11000061035156,42.75,41.439998626708984,777100.0,39.477378845214844
2019-12-18,42.04999923706055,41.43000030517578,41.43000030517578,41.560001373291016,530400.0,39.59170150756836
2019-12-19,41.970001220703125,40.880001068115234,41.529998779296875,41.15999984741211,505400.0,39.21064376831055
2019-12-20,41.650001525878906,41.0099983215332,41.220001220703125,41.47999954223633,1087100.0,39.51548767089844
2019-12-23,41.47999954223633,40.9900016784668,41.36000061035156,41.119998931884766,398000.0,39.17253494262695
2019-12-24,41.34000015258789,40.88999938964844,41.31999969482422,41.08000183105469,172300.0,39.13443374633789
2019-12-26,41.61000061035156,41.0,41.0099983215332,41.040000915527344,324600.0,39.0963249206543
2019-12-27,41.22999954223633,40.34000015258789,41.04999923706055,40.40999984741211,530700.0,38.49616241455078
2019-12-30,40.61000061035156,40.0,40.369998931884766,40.0099983215332,447500.0,38.11510467529297
2019-12-31,40.5099983215332,40.0,40.0,40.43000030517578,421300.0,38.51521682739258
2020-01-02,40.84000015258789,40.02000045776367,40.5099983215332,40.619998931884766,455300.0,38.69621658325195
2020-01-03,40.79999923706055,39.84000015258789,40.619998931884766,40.380001068115234,763800.0,38.467586517333984
2020-01-06,40.75,39.90999984741211,40.25,40.09000015258789,516900.0,38.19131851196289
2020-01-07,40.86000061035156,39.84000015258789,39.900001525878906,40.709999084472656,417700.0,38.78195571899414
2020-01-08,40.70000076293945,39.970001220703125,40.689998626708984,40.040000915527344,521600.0,38.1436882019043
2020-01-09,40.4900016784668,39.56999969482422,40.13999938964844,40.470001220703125,528300.0,38.55332565307617
2020-01-10,40.7400016784668,40.18000030517578,40.4900016784668,40.27000045776367,444200.0,38.362796783447266
2020-01-13,40.68000030517578,40.02000045776367,40.29999923706055,40.34000015258789,433400.0,38.42947769165039
2020-01-14,40.15999984741211,39.06999969482422,40.15999984741211,39.56999969482422,751700.0,37.695945739746094
2020-01-15,39.5,38.41999816894531,39.34000015258789,38.79999923706055,789000.0,36.9624137878418
2020-01-16,39.2400016784668,38.18000030517578,39.150001525878906,38.310001373291016,611000.0,36.49562072753906
2020-01-17,38.310001373291016,37.279998779296875,38.310001373291016,37.439998626708984,774000.0,35.66682052612305
2020-01-21,37.59000015258789,36.29999923706055,37.209999084472656,37.11000061035156,744100.0,35.35245132446289
2020-01-22,37.470001220703125,36.650001525878906,37.150001525878906,37.16999816894531,686800.0,35.409610748291016
2020-01-23,37.0,36.43000030517578,37.0,36.63999938964844,447500.0,34.90471267700195
2020-01-24,36.61000061035156,35.84000015258789,36.599998474121094,36.27000045776367,402500.0,34.5522346496582
2020-01-27,35.66999816894531,34.79999923706055,35.66999816894531,34.84000015258789,616400.0,33.18996047973633
2020-01-28,35.86000061035156,34.880001068115234,35.02000045776367,35.459999084472656,409900.0,33.78059768676758
2020-01-29,35.84000015258789,34.689998626708984,35.540000915527344,34.70000076293945,604400.0,33.05659103393555
2020-01-30,35.369998931884766,34.209999084472656,34.400001525878906,35.29999923706055,463200.0,33.628177642822266
2020-01-31,35.029998779296875,34.0,34.810001373291016,34.61000061035156,660100.0,32.970855712890625
2020-02-03,35.0,33.959999084472656,35.0,34.220001220703125,693800.0,32.599327087402344
2020-02-04,34.54999923706055,33.41999816894531,34.29999923706055,33.68000030517578,566300.0,32.08489990234375
2020-02-05,34.900001525878906,34.130001068115234,34.130001068115234,34.650001525878906,486700.0,33.00896072387695
2020-02-06,34.849998474121094,33.58000183105469,34.65999984741211,33.63999938964844,523300.0,32.04679489135742
2020-02-07,34.119998931884766,33.16999816894531,33.5,33.90999984741211,424300.0,32.30400466918945
2020-02-10,35.4900016784668,33.5,33.720001220703125,34.81999969482422,671800.0,33.1709098815918
2020-02-11,35.540000915527344,34.7599983215332,35.209999084472656,35.060001373291016,397000.0,33.39954376220703
2020-02-12,35.65999984741211,34.439998626708984,35.43000030517578,34.63999938964844,447100.0,32.99943161010742
2020-02-13,34.9900016784668,34.0,34.4900016784668,34.150001525878906,438200.0,32.53263854980469
2020-02-14,34.38999938964844,33.529998779296875,34.22999954223633,33.83000183105469,329200.0,32.22779846191406
2020-02-18,33.97999954223633,33.04999923706055,33.70000076293945,33.22999954223633,591500.0,31.65620994567871
2020-02-19,34.310001373291016,33.08000183105469,33.400001525878906,34.18000030517578,747200.0,32.56121826171875
2020-02-20,35.630001068115234,32.689998626708984,33.22999954223633,35.06999969482422,1394300.0,33.4090690612793
2020-02-21,34.72999954223633,33.25,34.72999954223633,34.470001220703125,801900.0,32.837486267089844
2020-02-24,33.84000015258789,32.88999938964844,33.59000015258789,32.959999084472656,718700.0,31.398998260498047
2020-02-25,33.13999938964844,31.299999237060547,33.0,31.770000457763672,562300.0,30.265357971191406
2020-02-26,32.06999969482422,30.079999923706055,32.0,30.079999923706055,1019300.0,28.655397415161133
2020-02-27,30.920000076293945,28.489999771118164,29.530000686645508,29.389999389648438,1082500.0,27.998075485229492
2020-02-28,29.18000030517578,27.43000030517578,27.65999984741211,28.420000076293945,1097700.0,27.831594467163086
2020-03-02,28.809999465942383,26.360000610351562,28.770000457763672,27.889999389648438,950700.0,27.31256675720215
2020-03-03,28.56999969482422,26.420000076293945,27.940000534057617,26.860000610351562,744000.0,26.30389404296875
2020-03-04,27.479999542236328,26.049999237060547,27.350000381469727,26.270000457763672,800600.0,25.72610855102539
2020-03-05,26.1200008392334,23.850000381469727,25.690000534057617,24.520000457763672,1431900.0,24.012340545654297
2020-03-06,25.219999313354492,22.530000686645508,23.549999237060547,24.290000915527344,1049400.0,23.7871036529541
2020-03-09,23.729999542236328,20.700000762939453,20.950000762939453,21.1299991607666,1750900.0,20.69252586364746
2020-03-10,22.709999084472656,18.709999084472656,22.59000015258789,20.65999984741211,1835400.0,20.232257843017578
2020-03-11,20.1299991607666,18.5,19.950000762939453,18.729999542236328,1330000.0,18.342214584350586
2020-03-12,17.309999465942383,14.020000457763672,17.309999465942383,15.239999771118164,1970900.0,14.924471855163574
2020-03-13,20.920000076293945,15.010000228881836,16.469999313354492,20.799999237060547,2649100.0,20.36935806274414
2020-03-16,21.0,17.100000381469727,17.3700008392334,17.950000762939453,1884600.0,17.578365325927734
2020-03-17,19.479999542236328,17.0,18.280000686645508,19.479999542236328,1857000.0,19.07668685913086
2020-03-18,19.459999084472656,16.790000915527344,18.010000228881836,18.959999084472656,1240800.0,18.567453384399414
2020-03-19,21.5,18.719999313354492,18.850000381469727,19.809999465942383,1149300.0,19.39985466003418
2020-03-20,22.399999618530273,18.1299991607666,19.93000030517578,20.09000015258789,1692900.0,19.67405891418457
2020-03-23,20.260000228881836,16.209999084472656,19.90999984741211,16.469999313354492,1127100.0,16.129005432128906
2020-03-24,17.81999969482422,15.3100004196167,17.81999969482422,15.34000015258789,1163500.0,15.022401809692383
2020-03-25,16.43000030517578,13.890000343322754,15.5600004196167,15.5,1799000.0,15.179089546203613
2020-03-26,18.299999237060547,14.510000228881836,14.779999732971191,17.329999923706055,1596900.0,16.971200942993164
2020-03-27,16.610000610351562,15.149999618530273,16.610000610351562,15.15999984741211,1189100.0,14.846128463745117
2020-03-30,16.030000686645508,14.100000381469727,14.510000228881836,15.710000038146973,1499900.0,15.38474178314209
2020-03-31,17.5,16.010000228881836,16.229999542236328,16.530000686645508,1364400.0,16.18776512145996
2020-04-01,16.09000015258789,14.4399995803833,15.760000228881836,14.65999984741211,1310800.0,14.356480598449707
2020-04-02,17.399999618530273,14.359999656677246,14.970000267028809,14.569999694824219,1654300.0,14.268343925476074
2020-04-03,15.430000305175781,13.8100004196167,15.010000228881836,14.279999732971191,1498100.0,13.98434829711914
2020-04-06,16.389999389648438,14.569999694824219,14.8100004196167,16.139999389648438,1328900.0,15.805838584899902
2020-04-07,18.239999771118164,16.739999771118164,17.209999084472656,17.530000686645508,1837200.0,17.16706085205078
2020-04-08,19.420000076293945,17.899999618530273,18.06999969482422,18.829999923706055,1490100.0,18.44014549255371
2020-04-09,20.1299991607666,17.670000076293945,20.030000686645508,18.030000686645508,1196400.0,17.656709671020508
2020-04-13,19.239999771118164,17.690000534057617,18.59000015258789,18.399999618530273,886200.0,18.019046783447266
2020-04-14,19.200000762939453,18.31999969482422,18.690000534057617,18.649999618530273,1026000.0,18.263872146606445
2020-04-15,17.770000457763672,16.100000381469727,17.729999542236328,17.299999237060547,1059000.0,16.941822052001953
2020-04-16,17.360000610351562,16.15999984741211,17.360000610351562,16.170000076293945,726400.0,15.835217475891113
2020-04-17,18.440000534057617,16.43000030517578,16.700000762939453,18.329999923706055,1160600.0,17.950496673583984
2020-04-20,19.420000076293945,17.0,17.170000076293945,18.389999389648438,1373700.0,18.009254455566406
2020-04-21,18.690000534057617,17.299999237060547,17.68000030517578,17.700000762939453,1113700.0,17.333541870117188
2020-04-22,18.6200008392334,17.530000686645508,18.31999969482422,17.639999389648438,918800.0,17.274782180786133
2020-04-23,19.360000610351562,17.989999771118164,18.1299991607666,19.149999618530273,1005800.0,18.75351905822754
2020-04-24,19.610000610351562,18.299999237060547,19.610000610351562,18.790000915527344,1120700.0,18.40097427368164
2020-04-27,20.860000610351562,18.719999313354492,19.3799991607666,20.610000610351562,861600.0,20.183292388916016
2020-04-28,22.139999389648438,20.639999389648438,21.43000030517578,21.450000762939453,1169000.0,21.005901336669922
2020-04-29,23.969999313354492,21.5,21.600000381469727,23.639999389648438,1760100.0,23.150558471679688
2020-04-30,24.5,22.1200008392334,23.59000015258789,23.850000381469727,1777300.0,23.356212615966797
2020-05-01,23.190000534057617,20.5,22.799999237060547,20.610000610351562,1136700.0,20.183292388916016
2020-05-04,22.479999542236328,19.850000381469727,20.110000610351562,22.420000076293945,1104200.0,21.95581817626953
2020-05-05,23.969999313354492,21.3700008392334,23.3700008392334,21.399999618530273,1038700.0,20.95693588256836
2020-05-06,21.739999771118164,20.31999969482422,21.510000228881836,20.40999984741211,764800.0,19.9874324798584
2020-05-07,21.540000915527344,19.219999313354492,20.81999969482422,19.989999771118164,1450500.0,19.576128005981445
2020-05-08,22.079999923706055,19.65999984741211,20.280000686645508,21.93000030517578,899900.0,21.475963592529297
2020-05-11,21.799999237060547,20.670000076293945,21.649999618530273,21.15999984741211,725100.0,20.721904754638672
2020-05-12,21.920000076293945,20.93000030517578,21.309999465942383,21.06999969482422,855300.0,20.63376808166504
2020-05-13,20.989999771118164,19.15999984741211,20.799999237060547,19.709999084472656,822500.0,19.301925659179688
2020-05-14,19.920000076293945,18.06999969482422,19.110000610351562,19.31999969482422,796800.0,18.920000076293945
2020-05-15,19.290000915527344,18.200000762939453,19.100000381469727,18.43000030517578,1033400.0,18.43000030517578
2020-05-18,21.34000015258789,19.68000030517578,19.829999923706055,21.299999237060547,836500.0,21.299999237060547
2020-05-19,21.31999969482422,20.0,21.31999969482422,20.0,710600.0,20.0
2020-05-20,21.229999542236328,20.25,20.610000610351562,21.0,676900.0,21.0
2020-05-21,21.81999969482422,20.440000534057617,20.989999771118164,20.530000686645508,476100.0,20.530000686645508
2020-05-22,20.920000076293945,19.90999984741211,20.43000030517578,20.790000915527344,458700.0,20.790000915527344
2020-05-26,22.579999923706055,21.530000686645508,21.6200008392334,22.110000610351562,684300.0,22.110000610351562
2020-05-27,22.649999618530273,21.600000381469727,22.579999923706055,22.360000610351562,555100.0,22.360000610351562
2020-05-28,22.440000534057617,20.889999389648438,22.360000610351562,21.110000610351562,747500.0,21.110000610351562
2020-05-29,21.530000686645508,20.350000381469727,20.90999984741211,20.399999618530273,555000.0,20.399999618530273
2020-06-01,20.989999771118164,19.899999618530273,20.350000381469727,20.65999984741211,761500.0,20.65999984741211
2020-06-02,21.889999389648438,20.65999984741211,20.899999618530273,21.399999618530273,471900.0,21.399999618530273
2020-06-03,22.290000915527344,21.520000457763672,21.81999969482422,22.190000534057617,668400.0,22.190000534057617
2020-06-04,22.389999389648438,21.200000762939453,22.0,21.43000030517578,895100.0,21.43000030517578
2020-06-05,24.969999313354492,22.510000228881836,22.68000030517578,24.389999389648438,1019300.0,24.389999389648438
2020-06-08,25.739999771118164,23.850000381469727,25.549999237060547,24.8799991607666,1017100.0,24.8799991607666
2020-06-09,24.68000030517578,23.270000457763672,23.770000457763672,23.780000686645508,758200.0,23.780000686645508
2020-06-10,23.639999389648438,22.299999237060547,23.450000762939453,22.540000915527344,475100.0,22.540000915527344
2020-06-11,21.1200008392334,19.6299991607666,20.40999984741211,19.729999542236328,945800.0,19.729999542236328
2020-06-12,21.100000381469727,19.670000076293945,20.709999084472656,20.549999237060547,493000.0,20.549999237060547
2020-06-15,21.399999618530273,19.270000457763672,19.549999237060547,21.040000915527344,632000.0,21.040000915527344
2020-06-16,22.56999969482422,21.1200008392334,22.280000686645508,22.030000686645508,683600.0,22.030000686645508
2020-06-17,21.989999771118164,20.579999923706055,21.989999771118164,20.600000381469727,828500.0,20.600000381469727
2020-06-18,22.399999618530273,20.110000610351562,20.270000457763672,22.209999084472656,782800.0,22.209999084472656
2020-06-19,23.1200008392334,21.850000381469727,22.8700008392334,22.309999465942383,1290900.0,22.309999465942383
2020-06-22,22.389999389648438,21.25,21.979999542236328,22.170000076293945,648900.0,22.170000076293945
2020-06-23,22.65999984741211,21.559999465942383,22.510000228881836,21.6299991607666,401700.0,21.6299991607666
2020-06-24,21.170000076293945,19.079999923706055,21.139999389648438,19.260000228881836,846400.0,19.260000228881836
2020-06-25,19.969999313354492,18.889999389648438,19.0,19.350000381469727,572300.0,19.350000381469727
2020-06-26,19.3700008392334,18.8700008392334,19.360000610351562,19.040000915527344,952500.0,19.040000915527344
2020-06-29,19.979999542236328,19.040000915527344,19.469999313354492,19.280000686645508,522100.0,19.280000686645508
2020-06-30,20.149999618530273,18.850000381469727,19.100000381469727,20.110000610351562,512700.0,20.110000610351562
2020-07-01,20.739999771118164,19.059999465942383,20.190000534057617,19.09000015258789,545600.0,19.09000015258789
2020-07-02,19.760000228881836,18.6299991607666,19.559999465942383,18.700000762939453,744100.0,18.700000762939453
2020-07-06,19.229999542236328,18.25,19.200000762939453,19.040000915527344,619000.0,19.040000915527344
2020-07-07,18.829999923706055,18.0,18.709999084472656,18.030000686645508,882700.0,18.030000686645508
2020-07-08,18.700000762939453,17.799999237060547,18.0,18.450000762939453,461500.0,18.450000762939453
2020-07-09,18.450000762939453,17.290000915527344,18.329999923706055,17.700000762939453,798900.0,17.700000762939453
2020-07-10,18.790000915527344,17.510000228881836,17.549999237060547,18.760000228881836,577000.0,18.760000228881836
2020-07-13,18.799999237060547,18.040000915527344,18.799999237060547,18.270000457763672,461500.0,18.270000457763672
2020-07-14,18.8700008392334,17.860000610351562,18.079999923706055,18.639999389648438,421300.0,18.639999389648438
2020-07-15,19.8799991607666,18.809999465942383,19.280000686645508,19.709999084472656,491700.0,19.709999084472656
2020-07-16,20.239999771118164,19.110000610351562,19.450000762939453,19.600000381469727,361300.0,19.600000381469727
2020-07-17,20.329999923706055,19.030000686645508,19.639999389648438,19.239999771118164,487900.0,19.239999771118164
2020-07-20,19.850000381469727,18.969999313354492,19.229999542236328,19.020000457763672,829900.0,19.020000457763672
2020-07-21,20.719999313354492,19.34000015258789,19.399999618530273,20.170000076293945,774400.0,20.170000076293945
2020-07-22,20.549999237060547,19.459999084472656,19.600000381469727,20.09000015258789,383000.0,20.09000015258789
2020-07-23,20.1299991607666,19.700000762939453,20.0,20.020000457763672,364500.0,20.020000457763672
2020-07-24,20.280000686645508,19.799999237060547,20.059999465942383,19.829999923706055,257700.0,19.829999923706055
2020-07-27,19.75,19.190000534057617,19.639999389648438,19.5,281000.0,19.5
2020-07-28,19.75,19.350000381469727,19.350000381469727,19.399999618530273,264500.0,19.399999618530273
2020-07-29,20.3700008392334,19.399999618530273,19.399999618530273,20.360000610351562,322200.0,20.360000610351562
2020-07-30,19.649999618530273,18.649999618530273,19.6299991607666,19.229999542236328,423100.0,19.229999542236328
2020-07-31,19.209999084472656,18.559999465942383,18.920000076293945,19.200000762939453,421000.0,19.200000762939453
2020-08-03,19.639999389648438,18.43000030517578,19.200000762939453,18.989999771118164,588900.0,18.989999771118164
2020-08-04,18.56999969482422,16.600000381469727,17.90999984741211,17.700000762939453,1757100.0,17.700000762939453
2020-08-05,18.100000381469727,16.209999084472656,18.100000381469727,17.010000228881836,2102800.0,17.010000228881836
2020-08-06,17.559999465942383,16.469999313354492,16.979999542236328,16.6299991607666,1076200.0,16.6299991607666
2020-08-07,17.549999237060547,16.260000228881836,16.450000762939453,17.440000534057617,735700.0,17.440000534057617
2020-08-10,18.200000762939453,17.309999465942383,17.559999465942383,18.15999984741211,622900.0,18.15999984741211
2020-08-11,19.559999465942383,18.5,18.729999542236328,18.549999237060547,819800.0,18.549999237060547
2020-08-12,19.049999237060547,18.15999984741211,18.950000762939453,18.270000457763672,2128300.0,18.270000457763672
2020-08-13,18.649999618530273,17.790000915527344,18.079999923706055,18.020000457763672,712200.0,18.020000457763672
2020-08-14,18.18000030517578,17.690000534057617,17.799999237060547,18.079999923706055,832100.0,18.079999923706055
2020-08-17,19.1299991607666,18.0,18.100000381469727,18.93000030517578,964100.0,18.93000030517578
2020-08-18,18.860000610351562,17.93000030517578,18.799999237060547,18.239999771118164,613300.0,18.239999771118164
2020-08-19,18.649999618530273,17.950000762939453,18.239999771118164,18.040000915527344,335400.0,18.040000915527344
2020-08-20,17.920000076293945,17.18000030517578,17.780000686645508,17.309999465942383,531400.0,17.309999465942383
2020-08-21,17.219999313354492,16.780000686645508,17.100000381469727,16.850000381469727,448500.0,16.850000381469727
2020-08-24,18.040000915527344,16.899999618530273,17.010000228881836,18.020000457763672,483600.0,18.020000457763672
2020-08-25,18.329999923706055,17.520000457763672,18.100000381469727,17.799999237060547,526500.0,17.799999237060547
2020-08-26,17.979999542236328,17.299999237060547,17.81999969482422,17.40999984741211,281500.0,17.40999984741211
2020-08-27,17.469999313354492,16.520000457763672,17.399999618530273,16.899999618530273,576700.0,16.899999618530273
2020-08-28,18.079999923706055,16.8700008392334,16.940000534057617,17.84000015258789,507700.0,17.84000015258789
2020-08-31,17.770000457763672,16.690000534057617,17.770000457763672,16.690000534057617,493300.0,16.690000534057617
2020-09-01,16.8799991607666,16.110000610351562,16.56999969482422,16.329999923706055,671500.0,16.329999923706055
2020-09-02,16.3700008392334,16.010000228881836,16.260000228881836,16.260000228881836,611700.0,16.260000228881836
2020-09-03,16.81999969482422,15.9399995803833,16.200000762939453,16.139999389648438,518700.0,16.139999389648438
2020-09-04,16.459999084472656,15.640000343322754,16.399999618530273,15.819999694824219,500000.0,15.819999694824219
2020-09-08,15.75,14.579999923706055,15.529999732971191,14.609999656677246,889800.0,14.609999656677246
2020-09-09,14.829999923706055,13.880000114440918,14.699999809265137,13.90999984741211,865600.0,13.90999984741211
2020-09-10,13.970000267028809,13.119999885559082,13.899999618530273,13.649999618530273,1313100.0,13.649999618530273
2020-09-11,14.260000228881836,13.319999694824219,13.65999984741211,13.920000076293945,1043900.0,13.920000076293945
2020-09-14,14.130000114440918,13.5,13.869999885559082,13.6899995803833,794600.0,13.6899995803833
2020-09-15,14.229999542236328,13.170000076293945,13.739999771118164,13.289999961853027,1260300.0,13.289999961853027
2020-09-16,14.15999984741211,13.050000190734863,13.390000343322754,13.760000228881836,1162800.0,13.760000228881836
2020-09-17,14.09000015258789,13.479999542236328,13.510000228881836,13.920000076293945,669700.0,13.920000076293945
2020-09-18,13.890000343322754,13.199999809265137,13.859999656677246,13.359999656677246,1882800.0,13.359999656677246
2020-09-21,12.989999771118164,12.430000305175781,12.899999618530273,12.75,847500.0,12.75
2020-09-22,13.279999732971191,12.739999771118164,12.779999732971191,13.170000076293945,646200.0,13.170000076293945
2020-09-23,13.5,12.5600004196167,13.149999618530273,12.569999694824219,594300.0,12.569999694824219
2020-09-24,13.029999732971191,12.1899995803833,12.489999771118164,12.739999771118164,661500.0,12.739999771118164
2020-09-25,12.640000343322754,12.119999885559082,12.420000076293945,12.520000457763672,610500.0,12.520000457763672
2020-09-28,12.899999618530273,12.520000457763672,12.770000457763672,12.760000228881836,724000.0,12.760000228881836
2020-09-29,12.859999656677246,12.119999885559082,12.699999809265137,12.390000343322754,849500.0,12.390000343322754
2020-09-30,12.779999732971191,12.25,12.350000381469727,12.380000114440918,590800.0,12.380000114440918
2020-10-01,12.609999656677246,11.829999923706055,12.15999984741211,12.069999694824219,1434000.0,12.069999694824219
2020-10-02,12.550000190734863,11.550000190734863,11.670000076293945,12.449999809265137,600000.0,12.449999809265137
2020-10-05,13.09000015258789,12.529999732971191,12.739999771118164,12.8100004196167,514600.0,12.8100004196167
2020-10-06,13.229999542236328,12.350000381469727,13.09000015258789,12.5,645700.0,12.5
2020-10-07,12.739999771118164,12.3100004196167,12.550000190734863,12.569999694824219,636700.0,12.569999694824219
2020-10-08,13.449999809265137,12.680000305175781,12.8100004196167,13.4399995803833,579200.0,13.4399995803833
2020-10-09,13.680000305175781,13.010000228881836,13.539999961853027,13.180000305175781,756300.0,13.180000305175781
2020-10-12,13.180000305175781,12.579999923706055,13.079999923706055,12.869999885559082,419000.0,12.869999885559082
2020-10-13,12.859999656677246,12.270000457763672,12.729999542236328,12.319999694824219,556600.0,12.319999694824219
2020-10-14,12.979999542236328,12.34000015258789,12.350000381469727,12.569999694824219,529200.0,12.569999694824219
2020-10-15,12.670000076293945,11.869999885559082,12.15999984741211,12.65999984741211,471000.0,12.65999984741211
2020-10-16,12.579999923706055,11.850000381469727,12.579999923706055,11.850000381469727,651900.0,11.850000381469727
2020-10-19,12.0,11.40999984741211,11.850000381469727,11.479999542236328,793200.0,11.479999542236328
2020-10-20,11.920000076293945,11.550000190734863,11.550000190734863,11.739999771118164,426100.0,11.739999771118164
2020-10-21,11.649999618530273,11.229999542236328,11.619999885559082,11.300000190734863,627500.0,11.300000190734863
2020-10-22,11.920000076293945,11.09000015258789,11.430000305175781,11.8100004196167,702300.0,11.8100004196167
2020-10-23,12.270000457763672,11.729999542236328,11.989999771118164,11.960000038146973,395100.0,11.960000038146973
2020-10-26,11.800000190734863,11.109999656677246,11.729999542236328,11.210000038146973,556000.0,11.210000038146973
2020-10-27,11.239999771118164,10.609999656677246,11.199999809265137,10.630000114440918,680400.0,10.630000114440918
2020-10-28,10.479999542236328,9.960000038146973,10.260000228881836,10.050000190734863,765300.0,10.050000190734863
2020-10-29,10.619999885559082,9.8100004196167,9.90999984741211,10.619999885559082,570800.0,10.619999885559082
2020-10-30,11.039999961853027,10.399999618530273,10.569999694824219,11.010000228881836,625500.0,11.010000228881836
2020-11-02,11.350000381469727,10.970000267028809,11.15999984741211,11.229999542236328,493700.0,11.229999542236328
2020-11-03,11.40999984741211,10.8100004196167,11.029999732971191,11.180000305175781,926500.0,11.180000305175781
2020-11-04,11.170000076293945,10.550000190734863,11.020000457763672,10.649999618530273,494800.0,10.649999618530273
2020-11-05,11.069999694824219,10.5600004196167,10.710000038146973,10.949999809265137,764000.0,10.949999809265137
2020-11-06,11.140000343322754,10.369999885559082,10.9399995803833,10.40999984741211,875500.0,10.40999984741211
2020-11-09,13.970000267028809,11.859999656677246,11.859999656677246,13.6899995803833,1736300.0,13.6899995803833
2020-11-10,13.600000381469727,12.640000343322754,13.569999694824219,13.279999732971191,1040000.0,13.279999732971191
2020-11-11,13.739999771118164,13.020000457763672,13.5,13.130000114440918,519600.0,13.130000114440918
2020-11-12,13.020000457763672,12.380000114440918,12.800000190734863,12.529999732971191,489100.0,12.529999732971191
2020-11-13,13.670000076293945,12.6899995803833,12.6899995803833,13.380000114440918,483600.0,13.380000114440918
2020-11-16,15.140000343322754,14.0,14.199999809265137,14.890000343322754,1093300.0,14.890000343322754
2020-11-17,14.670000076293945,13.880000114440918,14.539999961853027,14.640000343322754,596100.0,14.640000343322754
2020-11-18,15.109999656677246,13.84000015258789,15.010000228881836,13.850000381469727,557400.0,13.850000381469727
2020-11-19,14.300000190734863,13.819999694824219,13.970000267028809,14.260000228881836,454400.0,14.260000228881836
2020-11-20,14.279999732971191,13.819999694824219,14.180000305175781,13.84000015258789,296200.0,13.84000015258789
2020-11-23,15.449999809265137,14.0600004196167,14.0600004196167,15.40999984741211,616100.0,15.40999984741211
2020-11-24,16.549999237060547,15.6899995803833,16.09000015258789,15.979999542236328,674300.0,15.979999542236328
2020-11-25,15.6899995803833,15.220000267028809,15.550000190734863,15.40999984741211,599800.0,15.40999984741211
2020-11-27,15.720000267028809,15.170000076293945,15.420000076293945,15.640000343322754,293100.0,15.640000343322754
2020-11-30,15.40999984741211,14.109999656677246,15.359999656677246,14.140000343322754,529800.0,14.140000343322754
2020-12-01,15.270000457763672,14.539999961853027,14.609999656677246,14.619999885559082,757100.0,14.619999885559082
2020-12-02,15.470000267028809,14.449999809265137,14.489999771118164,15.270000457763672,554000.0,15.270000457763672
2020-12-03,15.9399995803833,15.140000343322754,15.470000267028809,15.239999771118164,581300.0,15.239999771118164
2020-12-04,16.3700008392334,15.649999618530273,15.680000305175781,16.3700008392334,569800.0,16.3700008392334
2020-12-07,16.040000915527344,15.229999542236328,16.040000915527344,15.390000343322754,697900.0,15.390000343322754
2020-12-08,16.549999237060547,15.350000381469727,15.470000267028809,15.789999961853027,902600.0,15.789999961853027
2020-12-09,16.420000076293945,15.470000267028809,16.030000686645508,15.979999542236328,736100.0,15.979999542236328
2020-12-10,16.809999465942383,15.899999618530273,15.949999809265137,16.6200008392334,498400.0,16.6200008392334
2020-12-11,16.420000076293945,15.899999618530273,16.420000076293945,16.1200008392334,305300.0,16.1200008392334
2020-12-14,16.530000686645508,15.079999923706055,16.530000686645508,15.09000015258789,596000.0,15.09000015258789
2020-12-15,15.399999618530273,14.619999885559082,15.229999542236328,15.300000190734863,374300.0,15.300000190734863
2020-12-16,15.300000190734863,14.65999984741211,15.289999961853027,14.699999809265137,422400.0,14.699999809265137
2020-12-17,15.229999542236328,14.430000305175781,14.989999771118164,15.100000381469727,544400.0,15.100000381469727
2020-12-18,15.3100004196167,14.789999961853027,15.050000190734863,14.829999923706055,1257500.0,14.829999923706055
2020-12-21,14.4399995803833,13.550000190734863,14.140000343322754,14.15999984741211,705900.0,14.15999984741211
2020-12-22,14.319999694824219,13.770000457763672,14.130000114440918,13.789999961853027,613400.0,13.789999961853027
2020-12-23,15.039999961853027,14.029999732971191,14.029999732971191,14.9399995803833,746400.0,14.9399995803833
2020-12-24,14.850000381469727,14.34000015258789,14.850000381469727,14.65999984741211,195200.0,14.65999984741211
2020-12-28,15.329999923706055,14.609999656677246,14.819999694824219,14.619999885559082,418200.0,14.619999885559082
2020-12-29,14.920000076293945,14.210000038146973,14.75,14.640000343322754,474000.0,14.640000343322754
2020-12-30,15.359999656677246,14.649999618530273,14.649999618530273,15.270000457763672,745900.0,15.270000457763672
2020-12-31,15.75,14.899999618530273,15.199999809265137,14.899999618530273,624600.0,14.899999618530273
